time,tempce,luftfeucht,co2,laut,hell
2022-01-09/12:52:15,23.34,975.7999,1846.0,20.616,101.4
2022-01-09/12:52:16,23.34,975.7999,1846.0,20.616,100.4
2022-01-09/12:52:18,23.34,975.7999,1846.0,20.616,100.4
2022-01-09/12:52:19,23.34,975.7999,1846.0,20.616,101.1
2022-01-09/12:52:20,23.37,975.7,1858.0,20.304,99.60001
2022-01-09/12:52:21,23.37,975.7,1858.0,20.304,99.7
2022-01-09/12:52:22,23.37,975.7,1858.0,20.304,101.3
2022-01-09/12:52:23,23.37,975.7,1858.0,20.304,99.6
2022-01-09/12:52:25,23.37,975.7,1858.0,20.304,100.0
2022-01-09/12:52:26,23.37,975.7,1858.0,20.256,99.60002
2022-01-09/12:52:27,23.37,975.7,1858.0,20.256,99.10001
2022-01-09/12:52:28,23.37,975.7,1858.0,20.256,99.00001
2022-01-09/12:52:29,23.37,975.7,1858.0,20.256,99.00001
2022-01-09/12:52:31,23.37,975.7,1858.0,20.256,99.00001
2022-01-09/12:52:32,23.37,975.7,1858.0,20.352,98.8
2022-01-09/12:52:33,23.37,975.7,1858.0,20.352,98.2
2022-01-09/12:52:34,23.37,975.7,1858.0,20.352,98.49999
2022-01-09/12:52:35,23.37,975.7,1858.0,20.352,98.70001
2022-01-09/12:52:36,23.37,975.7,1858.0,20.352,99.10001
2022-01-09/12:52:38,23.37,975.7,1867.0,19.776,102.0
2022-01-09/12:52:39,23.37,975.7,1867.0,19.776,99.70001
2022-01-09/12:52:40,23.37,975.7,1867.0,19.776,99.20001
2022-01-09/12:52:41,23.37,975.7,1867.0,19.776,99.20001
2022-01-09/12:52:42,23.37,975.7,1867.0,19.776,99.9
2022-01-09/12:52:44,23.37,975.7,1867.0,20.616,99.90001
2022-01-09/12:52:45,23.37,975.7,1867.0,20.616,99.60001
2022-01-09/12:52:46,23.37,975.7,1867.0,20.616,99.3
2022-01-09/12:52:47,23.37,975.7,1867.0,20.616,99.00001
2022-01-09/12:52:48,23.37,975.7,1867.0,20.616,100.8
2022-01-09/12:52:49,23.4,975.7999,1872.0,21.12,103.5
2022-01-09/12:52:51,23.4,975.7999,1872.0,21.12,104.2
2022-01-09/12:52:52,23.4,975.7999,1872.0,21.12,103.5
2022-01-09/12:52:53,23.4,975.7999,1872.0,21.12,103.7
2022-01-09/12:52:54,23.4,975.7999,1872.0,21.12,102.8
2022-01-09/12:52:55,23.4,975.7999,1872.0,19.728,103.4
2022-01-09/12:52:56,23.4,975.7999,1872.0,19.728,102.0
2022-01-09/12:52:58,23.4,975.7999,1872.0,19.728,101.6
2022-01-09/12:52:59,23.4,975.7999,1872.0,19.728,99.60002
2022-01-09/12:53:00,23.4,975.7999,1872.0,19.728,99.00001
2022-01-09/12:53:01,23.4,975.7999,1872.0,20.136,99.00001
2022-01-09/12:53:02,23.4,975.7999,1872.0,20.136,99.00001
2022-01-09/12:53:04,23.4,975.7999,1872.0,20.136,99.00001
2022-01-09/12:53:05,23.4,975.7999,1872.0,20.136,99.00001
2022-01-09/12:53:06,23.4,975.7999,1872.0,20.136,99.40001
2022-01-09/12:53:07,23.4,975.7999,1883.0,19.944,99.90001
2022-01-09/12:53:08,23.4,975.7999,1883.0,19.944,101.7
2022-01-09/12:53:09,23.4,975.7999,1883.0,19.944,103.1
2022-01-09/12:53:11,23.4,975.7999,1883.0,19.944,102.5
2022-01-09/12:53:12,23.4,975.7999,1883.0,19.944,102.3
2022-01-09/12:53:13,23.4,975.7999,1883.0,19.992,101.4
2022-01-09/12:53:14,23.4,975.7999,1883.0,19.992,99.6
2022-01-09/12:53:15,23.4,975.7999,1883.0,19.992,102.9
2022-01-09/12:53:17,23.4,975.7999,1883.0,19.992,102.0
2022-01-09/12:53:18,23.4,975.7999,1883.0,19.992,103.8
2022-01-09/12:53:19,23.4,975.7999,1883.0,20.112,104.0
2022-01-09/12:53:20,23.4,975.7999,1883.0,20.112,103.5
2022-01-09/12:53:21,23.4,975.7999,1883.0,20.112,95.5
2022-01-09/12:53:22,23.4,975.7999,1883.0,20.112,93.30001
2022-01-09/12:53:24,23.4,975.7999,1883.0,20.112,93.60001
2022-01-09/12:53:25,23.43,975.7999,1889.0,20.424,97.2
2022-01-09/12:53:26,23.43,975.7999,1889.0,20.424,103.0
2022-01-09/12:53:27,23.43,975.7999,1889.0,20.424,120.2
2022-01-09/12:53:28,23.43,975.7999,1889.0,20.424,118.1
2022-01-09/12:53:29,23.43,975.7999,1889.0,20.424,111.1
2022-01-09/12:53:31,23.43,975.7999,1889.0,20.544,82.3
2022-01-09/12:53:32,23.43,975.7999,1889.0,20.544,65.6
2022-01-09/12:53:33,23.43,975.7999,1889.0,20.544,57.10001
2022-01-09/12:53:34,23.43,975.7999,1889.0,20.544,119.4
2022-01-09/12:53:35,23.43,975.7999,1889.0,20.544,73.6
2022-01-09/12:53:37,23.42,975.7999,1891.0,21.792,92.80001
2022-01-09/12:53:38,23.42,975.7999,1891.0,21.792,96.1
2022-01-09/12:53:39,23.42,975.7999,1891.0,21.792,113.8
2022-01-09/12:53:40,23.42,975.7999,1891.0,21.792,82.2
2022-01-09/12:53:41,23.42,975.7999,1891.0,21.792,63.7
2022-01-09/12:53:42,23.42,975.7999,1891.0,23.712,111.3
2022-01-09/12:53:44,23.42,975.7999,1891.0,23.712,138.8
2022-01-09/12:53:45,23.42,975.7999,1891.0,23.712,127.1
2022-01-09/12:53:46,23.42,975.7999,1891.0,23.712,125.5
2022-01-09/12:53:47,23.42,975.7999,1891.0,23.712,111.1
2022-01-09/12:53:48,23.42,975.7999,1891.0,24.408,120.2
2022-01-09/12:53:49,23.42,975.7999,1891.0,24.408,123.5
2022-01-09/12:53:51,23.42,975.7999,1891.0,24.408,124.2
2022-01-09/12:53:52,23.42,975.7999,1891.0,24.408,124.0
2022-01-09/12:53:53,23.42,975.7999,1891.0,24.408,122.4
2022-01-09/12:53:54,23.43,975.7999,1896.0,21.36,123.5
2022-01-09/12:53:55,23.43,975.7999,1896.0,21.36,125.0
2022-01-09/12:53:57,23.43,975.7999,1896.0,21.36,134.9
2022-01-09/12:53:58,23.43,975.7999,1896.0,21.36,129.3
2022-01-09/12:53:59,23.43,975.7999,1896.0,21.36,128.8
2022-01-09/12:54:00,23.43,975.7999,1896.0,21.48,128.7
2022-01-09/12:54:01,23.43,975.7999,1896.0,21.48,124.4
2022-01-09/12:54:02,23.43,975.7999,1896.0,21.48,125.2
2022-01-09/12:54:04,23.43,975.7999,1896.0,21.48,140.6
2022-01-09/12:54:05,23.43,975.7999,1896.0,21.48,132.3
2022-01-09/12:54:06,23.35,975.9,1890.0,21.744,131.0
2022-01-09/12:54:07,23.35,975.9,1890.0,21.744,131.4
2022-01-09/12:54:08,23.35,975.9,1890.0,21.744,131.7
2022-01-09/12:54:09,23.35,975.9,1890.0,21.744,131.5
2022-01-09/12:54:11,23.35,975.9,1890.0,21.744,131.4
2022-01-09/12:54:12,23.35,975.9,1890.0,20.112,130.8
2022-01-09/12:54:13,23.35,975.9,1890.0,20.112,130.5
2022-01-09/12:54:14,23.35,975.9,1890.0,20.112,130.2
2022-01-09/12:54:15,23.35,975.9,1890.0,20.112,129.6
2022-01-09/12:54:17,23.35,975.9,1890.0,20.112,129.6
2022-01-09/12:54:18,23.35,975.9,1890.0,22.824,128.5
2022-01-09/12:54:19,23.35,975.9,1890.0,22.824,126.1
2022-01-09/12:54:20,23.35,975.9,1890.0,22.824,127.0
2022-01-09/12:54:21,23.35,975.9,1890.0,22.824,128.7
2022-01-09/12:54:22,23.35,975.9,1890.0,22.824,128.7
2022-01-09/12:54:24,23.26,975.9,1862.0,30.888,128.3
2022-01-09/12:54:25,23.26,975.9,1862.0,30.888,127.8
2022-01-09/12:54:26,23.26,975.9,1862.0,30.888,127.8
2022-01-09/12:54:27,23.26,975.9,1862.0,30.888,122.8
2022-01-09/12:54:28,23.26,975.9,1862.0,30.888,116.7
2022-01-09/12:54:29,23.26,975.9,1862.0,21.576,119.6
2022-01-09/12:54:31,23.26,975.9,1862.0,21.576,130.2
2022-01-09/12:54:32,23.26,975.9,1862.0,21.576,131.9
2022-01-09/12:54:33,23.26,975.9,1862.0,21.576,131.4
2022-01-09/12:54:34,23.26,975.9,1862.0,21.576,131.4
2022-01-09/12:54:35,23.12,975.7999,1820.0,21.024,130.5
2022-01-09/12:54:37,23.12,975.7999,1820.0,21.024,129.8
2022-01-09/12:54:38,23.12,975.7999,1820.0,21.024,129.7
2022-01-09/12:54:39,23.12,975.7999,1820.0,21.024,129.6
2022-01-09/12:54:40,23.12,975.7999,1820.0,21.024,129.6
2022-01-09/12:54:41,23.12,975.7999,1820.0,21.528,128.8
2022-01-09/12:54:42,23.12,975.7999,1820.0,21.528,128.9
2022-01-09/12:54:44,23.12,975.7999,1820.0,21.528,129.0
2022-01-09/12:54:45,23.12,975.7999,1820.0,21.528,128.7
2022-01-09/12:54:46,23.12,975.7999,1820.0,21.528,128.7
2022-01-09/12:54:47,23.12,975.7999,1820.0,20.76,128.7
2022-01-09/12:54:48,23.12,975.7999,1820.0,20.76,128.0
2022-01-09/12:54:49,23.12,975.7999,1820.0,20.76,127.8
2022-01-09/12:54:51,23.12,975.7999,1820.0,20.76,127.6
2022-01-09/12:54:52,23.12,975.7999,1820.0,20.76,126.7
2022-01-09/12:54:53,22.95,975.9,1748.0,22.512,126.9
2022-01-09/12:54:54,22.95,975.9,1748.0,22.512,126.9
2022-01-09/12:54:55,22.95,975.9,1748.0,22.512,126.9
2022-01-09/12:54:57,22.95,975.9,1748.0,22.512,126.9
2022-01-09/12:54:58,22.95,975.9,1748.0,22.512,126.6
2022-01-09/12:54:59,22.95,975.9,1748.0,23.112,124.9
2022-01-09/12:55:00,22.95,975.9,1748.0,23.112,120.9
2022-01-09/12:55:01,22.95,975.9,1748.0,23.112,123.3
2022-01-09/12:55:02,22.95,975.9,1748.0,23.112,123.3
2022-01-09/12:55:04,22.95,975.9,1748.0,23.112,123.3
2022-01-09/12:55:05,22.81,975.9,1664.0,22.536,123.3
2022-01-09/12:55:06,22.81,975.9,1664.0,22.536,122.6
2022-01-09/12:55:07,22.81,975.9,1664.0,22.536,122.4
2022-01-09/12:55:08,22.81,975.9,1664.0,22.536,122.5
2022-01-09/12:55:09,22.81,975.9,1664.0,22.536,121.9
2022-01-09/12:55:11,22.81,975.9,1664.0,22.032,122.1
2022-01-09/12:55:12,22.81,975.9,1664.0,22.032,121.6
2022-01-09/12:55:13,22.81,975.9,1664.0,22.032,121.5
2022-01-09/12:55:14,22.81,975.9,1664.0,22.032,121.5
2022-01-09/12:55:15,22.81,975.9,1664.0,22.032,121.4
2022-01-09/12:55:17,22.81,975.9,1664.0,22.224,121.5
2022-01-09/12:55:18,22.81,975.9,1664.0,22.224,121.3
2022-01-09/12:55:19,22.81,975.9,1664.0,22.224,120.7
2022-01-09/12:55:20,22.81,975.9,1664.0,22.224,120.6
2022-01-09/12:55:21,22.81,975.9,1664.0,22.224,120.6
2022-01-09/12:55:22,22.68,975.7999,1591.0,21.72,119.8
2022-01-09/12:55:24,22.68,975.7999,1591.0,21.72,122.0
2022-01-09/12:55:25,22.68,975.7999,1591.0,21.72,121.3
2022-01-09/12:55:26,22.68,975.7999,1591.0,21.72,121.5
2022-01-09/12:55:27,22.68,975.7999,1591.0,21.72,120.8
2022-01-09/12:55:28,22.68,975.7999,1591.0,22.44,120.7
2022-01-09/12:55:29,22.68,975.7999,1591.0,22.44,120.6
2022-01-09/12:55:31,22.68,975.7999,1591.0,22.44,118.9
2022-01-09/12:55:32,22.68,975.7999,1591.0,22.44,113.8
2022-01-09/12:55:33,22.68,975.7999,1591.0,22.44,117.0
2022-01-09/12:55:34,22.68,975.7999,1591.0,22.2,120.1
2022-01-09/12:55:35,22.68,975.7999,1591.0,22.2,114.8
2022-01-09/12:55:37,22.68,975.7999,1591.0,22.2,115.2
2022-01-09/12:55:38,22.68,975.7999,1591.0,22.2,115.2
2022-01-09/12:55:39,22.68,975.7999,1591.0,22.2,115.2
2022-01-09/12:55:40,22.56,975.9,1513.0,22.872,115.2
2022-01-09/12:55:41,22.56,975.9,1513.0,22.872,115.2
2022-01-09/12:55:42,22.56,975.9,1513.0,22.872,115.2
2022-01-09/12:55:44,22.56,975.9,1513.0,22.872,115.2
2022-01-09/12:55:45,22.56,975.9,1513.0,22.872,115.2
2022-01-09/12:55:46,22.56,975.9,1513.0,24.048,115.2
2022-01-09/12:55:47,22.56,975.9,1513.0,24.048,115.2
2022-01-09/12:55:48,22.56,975.9,1513.0,24.048,115.2
2022-01-09/12:55:49,22.56,975.9,1513.0,24.048,115.2
2022-01-09/12:55:51,22.56,975.9,1513.0,24.048,115.2
2022-01-09/12:55:52,22.29,975.9,1432.0,22.8,115.2
2022-01-09/12:55:53,22.29,975.9,1432.0,22.8,115.2
2022-01-09/12:55:54,22.29,975.9,1432.0,22.8,115.2
2022-01-09/12:55:55,22.29,975.9,1432.0,22.8,115.2
2022-01-09/12:55:56,22.29,975.9,1432.0,22.8,115.2
2022-01-09/12:55:58,22.29,975.9,1432.0,21.36,114.6
2022-01-09/12:55:59,22.29,975.9,1432.0,21.36,110.0
2022-01-09/12:56:00,22.29,975.9,1432.0,21.36,111.0
2022-01-09/12:56:01,22.29,975.9,1432.0,21.36,110.0
2022-01-09/12:56:02,22.29,975.9,1432.0,21.36,109.8
2022-01-09/12:56:04,22.29,975.9,1432.0,20.328,110.3
2022-01-09/12:56:05,22.29,975.9,1432.0,20.328,110.7
2022-01-09/12:56:06,22.29,975.9,1432.0,20.328,110.7
2022-01-09/12:56:07,22.29,975.9,1432.0,20.328,110.8
2022-01-09/12:56:08,22.29,975.9,1432.0,20.328,111.6
2022-01-09/12:56:09,22.15,975.9,1356.0,21.696,115.9
2022-01-09/12:56:11,22.15,975.9,1356.0,21.696,119.3
2022-01-09/12:56:12,22.15,975.9,1356.0,21.696,119.7
2022-01-09/12:56:13,22.15,975.9,1356.0,21.696,119.7
2022-01-09/12:56:14,22.15,975.9,1356.0,21.696,119.7
2022-01-09/12:56:15,22.15,975.9,1356.0,21.384,119.7
2022-01-09/12:56:17,22.15,975.9,1356.0,21.384,119.7
2022-01-09/12:56:18,22.15,975.9,1356.0,21.384,119.6
2022-01-09/12:56:19,22.15,975.9,1356.0,21.384,110.8
2022-01-09/12:56:20,22.15,975.9,1356.0,21.384,108.2
2022-01-09/12:56:21,22.08,975.9,1296.0,19.344,107.0
2022-01-09/12:56:22,22.08,975.9,1296.0,19.344,109.1
2022-01-09/12:56:24,22.08,975.9,1296.0,19.344,108.9
2022-01-09/12:56:25,22.08,975.9,1296.0,19.344,108.9
2022-01-09/12:56:26,22.08,975.9,1296.0,19.344,108.9
2022-01-09/12:56:27,22.08,975.9,1296.0,21.552,108.9
2022-01-09/12:56:28,22.08,975.9,1296.0,21.552,108.8
2022-01-09/12:56:29,22.08,975.9,1296.0,21.552,108.9
2022-01-09/12:56:31,22.08,975.9,1296.0,21.552,108.9
2022-01-09/12:56:32,22.08,975.9,1296.0,21.552,109.0
2022-01-09/12:56:33,22.08,975.9,1296.0,20.592,121.0
2022-01-09/12:56:34,22.08,975.9,1296.0,20.592,119.3
2022-01-09/12:56:35,22.08,975.9,1296.0,20.592,115.3
2022-01-09/12:56:37,22.08,975.9,1296.0,20.592,115.2
2022-01-09/12:56:38,22.08,975.9,1296.0,20.592,115.2
2022-01-09/12:56:39,22.0,975.9,1242.0,21.456,115.2
2022-01-09/12:56:40,22.0,975.9,1242.0,21.456,115.2
2022-01-09/12:56:41,22.0,975.9,1242.0,21.456,115.2
2022-01-09/12:56:42,22.0,975.9,1242.0,21.456,115.2
2022-01-09/12:56:44,22.0,975.9,1242.0,21.456,115.2
2022-01-09/12:56:45,22.0,975.9,1242.0,21.888,115.2
2022-01-09/12:56:46,22.0,975.9,1242.0,21.888,115.2
2022-01-09/12:56:47,22.0,975.9,1242.0,21.888,115.5
2022-01-09/12:56:48,22.0,975.9,1242.0,21.888,118.4
2022-01-09/12:56:49,22.0,975.9,1242.0,21.888,116.4
2022-01-09/12:56:51,21.91,975.9,1192.0,20.544,116.1
2022-01-09/12:56:52,21.91,975.9,1192.0,20.544,112.9
2022-01-09/12:56:53,21.91,975.9,1192.0,20.544,111.6
2022-01-09/12:56:54,21.91,975.9,1192.0,20.544,111.6
2022-01-09/12:56:55,21.91,975.9,1192.0,20.544,113.4
2022-01-09/12:56:57,21.91,975.9,1192.0,22.824,116.1
2022-01-09/12:56:58,21.91,975.9,1192.0,22.824,87.6
2022-01-09/12:56:59,21.91,975.9,1192.0,22.824,93.3
2022-01-09/12:57:00,21.91,975.9,1192.0,22.824,104.6
2022-01-09/12:57:01,21.91,975.9,1192.0,22.824,106.6
2022-01-09/12:57:02,21.91,975.9,1192.0,21.192,104.4
2022-01-09/12:57:04,21.91,975.9,1192.0,21.192,106.1
2022-01-09/12:57:05,21.91,975.9,1192.0,21.192,101.9
2022-01-09/12:57:06,21.91,975.9,1192.0,21.192,100.3
2022-01-09/12:57:07,21.91,975.9,1192.0,21.192,101.9
2022-01-09/12:57:08,21.77,975.7999,1130.0,21.888,101.7
2022-01-09/12:57:09,21.77,975.7999,1130.0,21.888,101.7
2022-01-09/12:57:11,21.77,975.7999,1130.0,21.888,99.99999
2022-01-09/12:57:12,21.77,975.7999,1130.0,21.888,92.3
2022-01-09/12:57:13,21.77,975.7999,1130.0,21.888,90.29999
2022-01-09/12:57:14,21.77,975.7999,1130.0,20.952,100.2
2022-01-09/12:57:15,21.77,975.7999,1130.0,20.952,108.5
2022-01-09/12:57:17,21.77,975.7999,1130.0,20.952,108.2
2022-01-09/12:57:18,21.77,975.7999,1130.0,20.952,108.8
2022-01-09/12:57:19,21.77,975.7999,1130.0,20.952,108.9
2022-01-09/12:57:20,21.54,975.9,1079.0,20.808,108.9
2022-01-09/12:57:21,21.54,975.9,1079.0,20.808,108.9
2022-01-09/12:57:22,21.54,975.9,1079.0,20.808,108.9
2022-01-09/12:57:24,21.54,975.9,1079.0,20.808,108.9
2022-01-09/12:57:25,21.54,975.9,1079.0,20.808,108.5
2022-01-09/12:57:26,21.54,975.9,1079.0,22.056,105.7
2022-01-09/12:57:27,21.54,975.9,1079.0,22.056,104.3
2022-01-09/12:57:28,21.54,975.9,1079.0,22.056,104.6
2022-01-09/12:57:30,21.54,975.9,1079.0,22.056,106.5
2022-01-09/12:57:31,21.54,975.9,1079.0,22.056,108.6
2022-01-09/12:57:32,21.54,975.9,1079.0,21.696,106.5
2022-01-09/12:57:33,21.54,975.9,1079.0,21.696,97.30001
2022-01-09/12:57:34,21.54,975.9,1079.0,21.696,100.5
2022-01-09/12:57:35,21.54,975.9,1079.0,21.696,99.89999
2022-01-09/12:57:37,21.54,975.9,1079.0,21.696,103.4
2022-01-09/12:57:38,21.35,975.9,1024.0,21.192,105.9
2022-01-09/12:57:39,21.35,975.9,1024.0,21.192,106.6
2022-01-09/12:57:40,21.35,975.9,1024.0,21.192,106.2
2022-01-09/12:57:41,21.35,975.9,1024.0,21.192,106.2
2022-01-09/12:57:42,21.35,975.9,1024.0,21.192,106.2
2022-01-09/12:57:44,21.35,975.9,1024.0,20.64,100.3
2022-01-09/12:57:45,21.35,975.9,1024.0,20.64,99.00001
2022-01-09/12:57:46,21.35,975.9,1024.0,20.64,98.1
2022-01-09/12:57:47,21.35,975.9,1024.0,20.64,96.5
2022-01-09/12:57:48,21.35,975.9,1024.0,20.64,95.2
2022-01-09/12:57:50,21.18,975.9,972.0,22.752,93.70002
2022-01-09/12:57:51,21.18,975.9,972.0,22.752,93.2
2022-01-09/12:57:52,21.18,975.9,972.0,22.752,93.09999
2022-01-09/12:57:53,21.18,975.9,972.0,22.752,93.9
2022-01-09/12:57:54,21.18,975.9,972.0,22.752,94.69999
2022-01-09/12:57:55,21.18,975.9,972.0,20.304,94.90001
2022-01-09/12:57:57,21.18,975.9,972.0,20.304,94.1
2022-01-09/12:57:58,21.18,975.9,972.0,20.304,94.6
2022-01-09/12:57:59,21.18,975.9,972.0,20.304,94.6
2022-01-09/12:58:00,21.18,975.9,972.0,20.304,95.09999
2022-01-09/12:58:01,21.18,975.9,972.0,21.624,95.39999
2022-01-09/12:58:03,21.18,975.9,972.0,21.624,93.7
2022-01-09/12:58:04,21.18,975.9,972.0,21.624,98.6
2022-01-09/12:58:05,21.18,975.9,972.0,21.624,96.70001
2022-01-09/12:58:06,21.18,975.9,972.0,21.624,97.0
2022-01-09/12:58:07,21.06,975.9,923.0,21.6,97.2
2022-01-09/12:58:08,21.06,975.9,923.0,21.6,97.5
2022-01-09/12:58:10,21.06,975.9,923.0,21.6,97.40001
2022-01-09/12:58:11,21.06,975.9,923.0,21.6,97.40001
2022-01-09/12:58:12,21.06,975.9,923.0,21.6,97.2
2022-01-09/12:58:13,21.06,975.9,923.0,21.384,96.40001
2022-01-09/12:58:14,21.06,975.9,923.0,21.384,96.70001
2022-01-09/12:58:15,21.06,975.9,923.0,21.384,97.2
2022-01-09/12:58:17,21.06,975.9,923.0,21.384,97.9
2022-01-09/12:58:18,21.06,975.9,923.0,21.384,100.3
2022-01-09/12:58:19,21.06,975.9,923.0,22.296,101.1
2022-01-09/12:58:20,21.06,975.9,923.0,22.296,101.5
2022-01-09/12:58:21,21.06,975.9,923.0,22.296,102.6
2022-01-09/12:58:23,21.06,975.9,923.0,22.296,102.5
2022-01-09/12:58:24,21.06,975.9,923.0,22.296,102.5
2022-01-09/12:58:25,21.1,976.0,897.0,21.744,102.8
2022-01-09/12:58:26,21.1,976.0,897.0,21.744,104.1
2022-01-09/12:58:27,21.1,976.0,897.0,21.744,104.1
2022-01-09/12:58:28,21.1,976.0,897.0,21.744,104.7
2022-01-09/12:58:30,21.1,976.0,897.0,21.744,104.3
2022-01-09/12:58:31,21.1,976.0,897.0,22.344,102.7
2022-01-09/12:58:32,21.1,976.0,897.0,22.344,102.6
2022-01-09/12:58:33,21.1,976.0,897.0,22.344,102.6
2022-01-09/12:58:34,21.1,976.0,897.0,22.344,102.6
2022-01-09/12:58:35,21.1,976.0,897.0,22.344,100.1
2022-01-09/12:58:37,21.02,975.9,868.0,20.928,98.50001
2022-01-09/12:58:38,21.02,975.9,868.0,20.928,99.00001
2022-01-09/12:58:39,21.02,975.9,868.0,20.928,103.8
2022-01-09/12:58:40,21.02,975.9,868.0,20.928,109.2
2022-01-09/12:58:41,21.02,975.9,868.0,20.928,109.6
2022-01-09/12:58:43,21.02,975.9,868.0,21.552,113.5
2022-01-09/12:58:44,21.02,975.9,868.0,21.552,111.6
2022-01-09/12:58:45,21.02,975.9,868.0,21.552,111.6
2022-01-09/12:58:46,21.02,975.9,868.0,21.552,111.4
2022-01-09/12:58:47,21.02,975.9,868.0,21.552,110.7
2022-01-09/12:58:48,21.02,975.9,868.0,22.56,110.7
2022-01-09/12:58:50,21.02,975.9,868.0,22.56,111.1
2022-01-09/12:58:51,21.02,975.9,868.0,22.56,114.7
2022-01-09/12:58:52,21.02,975.9,868.0,22.56,110.0
2022-01-09/12:58:53,21.02,975.9,868.0,22.56,107.3
2022-01-09/12:58:54,20.89,975.9,836.0,23.904,107.1
2022-01-09/12:58:56,20.89,975.9,836.0,23.904,110.7
2022-01-09/12:58:57,20.89,975.9,836.0,23.904,110.2
2022-01-09/12:58:58,20.89,975.9,836.0,23.904,107.7
2022-01-09/12:58:59,20.89,975.9,836.0,23.904,106.8
2022-01-09/12:59:00,20.89,975.9,836.0,27.384,106.2
2022-01-09/12:59:01,20.89,975.9,836.0,27.384,104.8
2022-01-09/12:59:03,20.89,975.9,836.0,27.384,104.0
2022-01-09/12:59:04,20.89,975.9,836.0,27.384,104.4
2022-01-09/12:59:05,20.89,975.9,836.0,27.384,104.7
2022-01-09/12:59:06,20.85,975.9,815.0,22.392,105.1
2022-01-09/12:59:07,20.85,975.9,815.0,22.392,103.4
2022-01-09/12:59:09,20.85,975.9,815.0,22.392,100.6
2022-01-09/12:59:10,20.85,975.9,815.0,22.392,95.90001
2022-01-09/12:59:11,20.85,975.9,815.0,22.392,108.5
2022-01-09/12:59:12,20.85,975.9,815.0,23.376,120.0
2022-01-09/12:59:13,20.85,975.9,815.0,23.376,121.8
2022-01-09/12:59:14,20.85,975.9,815.0,23.376,124.4
2022-01-09/12:59:16,20.85,975.9,815.0,23.376,94.7
2022-01-09/12:59:17,20.85,975.9,815.0,23.376,87.5
2022-01-09/12:59:18,20.85,975.9,815.0,29.376,125.1
2022-01-09/12:59:19,20.85,975.9,815.0,29.376,102.4
2022-01-09/12:59:20,20.85,975.9,815.0,29.376,67.7
2022-01-09/12:59:21,20.85,975.9,815.0,29.376,84.00001
2022-01-09/12:59:23,20.85,975.9,815.0,29.376,87.50001
2022-01-09/12:59:24,20.88,975.9,793.0,29.208,87.8
2022-01-09/12:59:25,20.88,975.9,793.0,29.208,75.5
2022-01-09/12:59:26,20.88,975.9,793.0,29.208,67.8
2022-01-09/12:59:27,20.88,975.9,793.0,29.208,85.30001
2022-01-09/12:59:29,20.88,975.9,793.0,29.208,72.1
2022-01-09/12:59:30,20.88,975.9,793.0,21.6,79.60001
2022-01-09/12:59:31,20.88,975.9,793.0,21.6,80.10001
2022-01-09/12:59:32,20.88,975.9,793.0,21.6,80.5
2022-01-09/12:59:33,20.88,975.9,793.0,21.6,81.0
2022-01-09/12:59:34,20.88,975.9,793.0,21.6,87.9
2022-01-09/12:59:36,20.91,975.9,776.0,20.472,105.8
2022-01-09/12:59:37,20.91,975.9,776.0,20.472,104.8
2022-01-09/12:59:38,20.91,975.9,776.0,20.472,104.0
2022-01-09/12:59:39,20.91,975.9,776.0,20.472,104.0
2022-01-09/12:59:40,20.91,975.9,776.0,20.472,105.5
2022-01-09/12:59:41,20.91,975.9,776.0,20.808,106.7
2022-01-09/12:59:43,20.91,975.9,776.0,20.808,106.2
2022-01-09/12:59:44,20.91,975.9,776.0,20.808,106.2
2022-01-09/12:59:45,20.91,975.9,776.0,20.808,106.2
2022-01-09/12:59:46,20.91,975.9,776.0,20.808,105.3
2022-01-09/12:59:47,20.91,975.9,776.0,25.392,105.1
2022-01-09/12:59:49,20.91,975.9,776.0,25.392,103.1
2022-01-09/12:59:50,20.91,975.9,776.0,25.392,106.2
2022-01-09/12:59:51,20.91,975.9,776.0,25.392,106.6
2022-01-09/12:59:52,20.91,975.9,776.0,25.392,104.1
2022-01-09/12:59:53,20.98,975.9,773.0,21.84,96.9
2022-01-09/12:59:54,20.98,975.9,773.0,21.84,97.8
2022-01-09/12:59:56,20.98,975.9,773.0,21.84,98.4
2022-01-09/12:59:57,20.98,975.9,773.0,21.84,101.1
2022-01-09/12:59:58,20.98,975.9,773.0,21.84,101.9
2022-01-09/12:59:59,20.98,975.9,773.0,20.832,103.2
2022-01-09/13:00:00,20.98,975.9,773.0,20.832,103.4
2022-01-09/13:00:02,20.98,975.9,773.0,20.832,103.5
2022-01-09/13:00:03,20.98,975.9,773.0,20.832,103.4
2022-01-09/13:00:04,20.98,975.9,773.0,20.832,103.4
2022-01-09/13:00:05,21.04,975.9,779.0,27.336,103.4
2022-01-09/13:00:06,21.04,975.9,779.0,27.336,103.5
2022-01-09/13:00:07,21.04,975.9,779.0,27.336,103.5
2022-01-09/13:00:09,21.04,975.9,779.0,27.336,103.5
2022-01-09/13:00:10,21.04,975.9,779.0,27.336,103.5
2022-01-09/13:00:11,21.04,975.9,779.0,20.592,103.5
2022-01-09/13:00:12,21.04,975.9,779.0,20.592,103.5
2022-01-09/13:00:13,21.04,975.9,779.0,20.592,103.5
2022-01-09/13:00:14,21.04,975.9,779.0,20.592,103.5
2022-01-09/13:00:16,21.04,975.9,779.0,20.592,103.5
2022-01-09/13:00:17,21.04,975.9,779.0,20.568,103.5
2022-01-09/13:00:18,21.04,975.9,779.0,20.568,103.5
2022-01-09/13:00:19,21.04,975.9,779.0,20.568,103.5
2022-01-09/13:00:20,21.04,975.9,779.0,20.568,103.5
2022-01-09/13:00:22,21.04,975.9,779.0,20.568,103.5
2022-01-09/13:00:23,21.16,975.9,782.0,20.16,103.5
2022-01-09/13:00:24,21.16,975.9,782.0,20.16,103.5
2022-01-09/13:00:25,21.16,975.9,782.0,20.16,103.2
2022-01-09/13:00:26,21.16,975.9,782.0,20.16,102.7
2022-01-09/13:00:27,21.16,975.9,782.0,20.16,102.6
2022-01-09/13:00:29,21.16,975.9,782.0,20.136,102.6
2022-01-09/13:00:30,21.16,975.9,782.0,20.136,102.6
2022-01-09/13:00:31,21.16,975.9,782.0,20.136,102.6
2022-01-09/13:00:32,21.16,975.9,782.0,20.136,102.6
2022-01-09/13:00:33,21.16,975.9,782.0,20.136,102.6
2022-01-09/13:00:35,21.28,975.9,794.0,21.12,102.5
2022-01-09/13:00:36,21.28,975.9,794.0,21.12,102.5
2022-01-09/13:00:37,21.28,975.9,794.0,21.12,102.0
2022-01-09/13:00:38,21.28,975.9,794.0,21.12,101.7
2022-01-09/13:00:39,21.28,975.9,794.0,21.12,101.7
2022-01-09/13:00:40,21.28,975.9,794.0,19.872,101.7
2022-01-09/13:00:42,21.28,975.9,794.0,19.872,101.7
2022-01-09/13:00:43,21.28,975.9,794.0,19.872,101.7
2022-01-09/13:00:44,21.28,975.9,794.0,19.872,101.2
2022-01-09/13:00:45,21.28,975.9,794.0,19.872,100.9
2022-01-09/13:00:46,21.28,975.9,794.0,20.496,100.8
2022-01-09/13:00:47,21.28,975.9,794.0,20.496,100.8
2022-01-09/13:00:49,21.28,975.9,794.0,20.496,100.8
2022-01-09/13:00:50,21.28,975.9,794.0,20.496,100.8
2022-01-09/13:00:51,21.28,975.9,794.0,20.496,100.8
2022-01-09/13:00:52,21.34,975.9,813.0,20.544,100.8
2022-01-09/13:00:53,21.34,975.9,813.0,20.544,100.7
2022-01-09/13:00:55,21.34,975.9,813.0,20.544,100.7
2022-01-09/13:00:56,21.34,975.9,813.0,20.544,100.1
2022-01-09/13:00:57,21.34,975.9,813.0,20.544,100.0
2022-01-09/13:00:58,21.34,975.9,813.0,20.76,99.90001
2022-01-09/13:00:59,21.34,975.9,813.0,20.76,99.90001
2022-01-09/13:01:00,21.34,975.9,813.0,20.76,99.90001
2022-01-09/13:01:02,21.34,975.9,813.0,20.76,99.90001
2022-01-09/13:01:03,21.34,975.9,813.0,20.76,99.90001
2022-01-09/13:01:04,21.34,975.9,813.0,20.208,99.90001
2022-01-09/13:01:05,21.34,975.9,813.0,20.208,99.90001
2022-01-09/13:01:06,21.34,975.9,813.0,20.208,99.90001
2022-01-09/13:01:08,21.34,975.9,813.0,20.208,99.90001
2022-01-09/13:01:09,21.34,975.9,813.0,20.208,99.90001
2022-01-09/13:01:10,21.43,975.9,821.0,20.832,99.7
2022-01-09/13:01:11,21.43,975.9,821.0,20.832,99.60001
2022-01-09/13:01:12,21.43,975.9,821.0,20.832,99.10001
2022-01-09/13:01:13,21.43,975.9,821.0,20.832,99.00001
2022-01-09/13:01:15,21.43,975.9,821.0,20.832,99.10001
2022-01-09/13:01:16,21.43,975.9,821.0,20.856,99.00001
2022-01-09/13:01:17,21.43,975.9,821.0,20.856,99.00001
2022-01-09/13:01:18,21.43,975.9,821.0,20.856,99.00001
2022-01-09/13:01:19,21.43,975.9,821.0,20.856,99.00001
2022-01-09/13:01:20,21.43,975.9,821.0,20.856,99.00001
2022-01-09/13:01:22,21.48,975.9,833.0,20.376,99.00001
2022-01-09/13:01:23,21.48,975.9,833.0,20.376,99.00001
2022-01-09/13:01:24,21.48,975.9,833.0,20.376,99.00001
2022-01-09/13:01:25,21.48,975.9,833.0,20.376,99.00001
2022-01-09/13:01:26,21.48,975.9,833.0,20.376,99.00001
2022-01-09/13:01:28,21.48,975.9,833.0,20.232,99.00001
2022-01-09/13:01:29,21.48,975.9,833.0,20.232,98.90001
2022-01-09/13:01:30,21.48,975.9,833.0,20.232,98.39999
2022-01-09/13:01:31,21.48,975.9,833.0,20.232,98.19999
2022-01-09/13:01:32,21.48,975.9,833.0,20.232,98.19999
2022-01-09/13:01:33,21.48,975.9,833.0,20.664,98.09999
2022-01-09/13:01:35,21.48,975.9,833.0,20.664,98.09999
2022-01-09/13:01:36,21.48,975.9,833.0,20.664,98.09999
2022-01-09/13:01:37,21.48,975.9,833.0,20.664,98.09999
2022-01-09/13:01:38,21.48,975.9,833.0,20.664,98.09999
2022-01-09/13:01:39,21.56,975.9,846.0,20.232,97.99999
2022-01-09/13:01:41,21.56,975.9,846.0,20.232,97.40001
2022-01-09/13:01:42,21.56,975.9,846.0,20.232,97.3
2022-01-09/13:01:43,21.56,975.9,846.0,20.232,97.2
2022-01-09/13:01:44,21.56,975.9,846.0,20.232,97.2
2022-01-09/13:01:45,21.56,975.9,846.0,20.592,97.2
2022-01-09/13:01:46,21.56,975.9,846.0,20.592,97.2
2022-01-09/13:01:48,21.56,975.9,846.0,20.592,97.2
2022-01-09/13:01:49,21.56,975.9,846.0,20.592,97.2
2022-01-09/13:01:50,21.56,975.9,846.0,20.592,96.70001
2022-01-09/13:01:51,21.62,975.9,859.0,21.024,96.30001
2022-01-09/13:01:52,21.62,975.9,859.0,21.024,96.30001
2022-01-09/13:01:53,21.62,975.9,859.0,21.024,96.30001
2022-01-09/13:01:55,21.62,975.9,859.0,21.024,96.30001
2022-01-09/13:01:56,21.62,975.9,859.0,21.024,96.30001
2022-01-09/13:01:57,21.62,975.9,859.0,20.568,96.30001
2022-01-09/13:01:58,21.62,975.9,859.0,20.568,96.30001
2022-01-09/13:01:59,21.62,975.9,859.0,20.568,96.30001
2022-01-09/13:02:01,21.62,975.9,859.0,20.568,96.30001
2022-01-09/13:02:02,21.62,975.9,859.0,20.568,95.90001
2022-01-09/13:02:03,21.62,975.9,859.0,20.424,95.8
2022-01-09/13:02:04,21.62,975.9,859.0,20.424,95.39999
2022-01-09/13:02:05,21.62,975.9,859.0,20.424,95.39999
2022-01-09/13:02:06,21.62,975.9,859.0,20.424,95.39999
2022-01-09/13:02:08,21.62,975.9,859.0,20.424,95.39999
2022-01-09/13:02:09,21.66,975.9,859.0,20.4,95.39999
2022-01-09/13:02:10,21.66,975.9,859.0,20.4,95.39999
2022-01-09/13:02:11,21.66,975.9,859.0,20.4,95.39999
2022-01-09/13:02:12,21.66,975.9,859.0,20.4,95.39999
2022-01-09/13:02:14,21.66,975.9,859.0,20.4,95.39999
2022-01-09/13:02:15,21.66,975.9,859.0,20.28,95.39999
2022-01-09/13:02:16,21.66,975.9,859.0,20.28,95.39999
2022-01-09/13:02:17,21.66,975.9,859.0,20.28,95.39999
2022-01-09/13:02:18,21.66,975.9,859.0,20.28,95.39999
2022-01-09/13:02:19,21.66,975.9,859.0,20.28,95.2
2022-01-09/13:02:21,21.73,976.0,857.0,20.568,95.0
2022-01-09/13:02:22,21.73,976.0,857.0,20.568,94.5
2022-01-09/13:02:23,21.73,976.0,857.0,20.568,94.5
2022-01-09/13:02:24,21.73,976.0,857.0,20.568,94.6
2022-01-09/13:02:25,21.73,976.0,857.0,20.568,94.5
2022-01-09/13:02:26,21.73,976.0,857.0,20.76,94.5
2022-01-09/13:02:28,21.73,976.0,857.0,20.76,94.5
2022-01-09/13:02:29,21.73,976.0,857.0,20.76,94.5
2022-01-09/13:02:30,21.73,976.0,857.0,20.76,94.5
2022-01-09/13:02:31,21.73,976.0,857.0,20.76,94.5
2022-01-09/13:02:32,21.73,976.0,857.0,20.448,94.5
2022-01-09/13:02:34,21.73,976.0,857.0,20.448,94.5
2022-01-09/13:02:35,21.73,976.0,857.0,20.448,94.5
2022-01-09/13:02:36,21.73,976.0,857.0,20.448,94.5
2022-01-09/13:02:37,21.73,976.0,857.0,20.448,94.5
2022-01-09/13:02:38,21.78,975.9,863.0,20.688,94.5
2022-01-09/13:02:39,21.78,975.9,863.0,20.688,94.5
2022-01-09/13:02:41,21.78,975.9,863.0,20.688,94.5
2022-01-09/13:02:42,21.78,975.9,863.0,20.688,94.5
2022-01-09/13:02:43,21.78,975.9,863.0,20.688,94.5
2022-01-09/13:02:44,21.78,975.9,863.0,20.784,94.5
2022-01-09/13:02:45,21.78,975.9,863.0,20.784,94.5
2022-01-09/13:02:46,21.78,975.9,863.0,20.784,94.40001
2022-01-09/13:02:48,21.78,975.9,863.0,20.784,93.90001
2022-01-09/13:02:49,21.78,975.9,863.0,20.784,93.70002
2022-01-09/13:02:50,21.84,975.9,860.0,20.832,93.60002
2022-01-09/13:02:51,21.84,975.9,860.0,20.832,93.60002
2022-01-09/13:02:52,21.84,975.9,860.0,20.832,93.60002
2022-01-09/13:02:54,21.84,975.9,860.0,20.832,93.60002
2022-01-09/13:02:55,21.84,975.9,860.0,20.832,93.60002
2022-01-09/13:02:56,21.84,975.9,860.0,20.688,92.7
2022-01-09/13:02:57,21.84,975.9,860.0,20.688,92.7
2022-01-09/13:02:58,21.84,975.9,860.0,20.688,92.7
2022-01-09/13:02:59,21.84,975.9,860.0,20.688,92.7
2022-01-09/13:03:01,21.84,975.9,860.0,20.688,92.7
2022-01-09/13:03:02,21.84,975.9,860.0,20.664,92.2
2022-01-09/13:03:03,21.84,975.9,860.0,20.664,91.8
2022-01-09/13:03:04,21.84,975.9,860.0,20.664,91.8
2022-01-09/13:03:05,21.84,975.9,860.0,20.664,91.8
2022-01-09/13:03:07,21.84,975.9,860.0,20.664,91.8
2022-01-09/13:03:08,21.89,975.9,866.0,20.472,91.8
2022-01-09/13:03:09,21.89,975.9,866.0,20.472,91.20001
2022-01-09/13:03:10,21.89,975.9,866.0,20.472,90.9
2022-01-09/13:03:11,21.89,975.9,866.0,20.472,90.9
2022-01-09/13:03:12,21.89,975.9,866.0,20.472,90.9
2022-01-09/13:03:14,21.89,975.9,866.0,20.808,90.9
2022-01-09/13:03:15,21.89,975.9,866.0,20.808,90.80001
2022-01-09/13:03:16,21.89,975.9,866.0,20.808,90.09999
2022-01-09/13:03:17,21.89,975.9,866.0,20.808,89.99999
2022-01-09/13:03:18,21.89,975.9,866.0,20.808,89.99999
2022-01-09/13:03:19,21.95,975.9,869.0,20.448,89.99999
2022-01-09/13:03:21,21.95,975.9,869.0,20.448,89.99999
2022-01-09/13:03:22,21.95,975.9,869.0,20.448,89.99999
2022-01-09/13:03:23,21.95,975.9,869.0,20.448,89.8
2022-01-09/13:03:24,21.95,975.9,869.0,20.448,89.29999
2022-01-09/13:03:25,21.95,975.9,869.0,20.64,89.10001
2022-01-09/13:03:27,21.95,975.9,869.0,20.64,89.10001
2022-01-09/13:03:28,21.95,975.9,869.0,20.64,89.10001
2022-01-09/13:03:29,21.95,975.9,869.0,20.64,89.10001
2022-01-09/13:03:30,21.95,975.9,869.0,20.64,89.10001
2022-01-09/13:03:31,21.95,975.9,869.0,20.664,89.10001
2022-01-09/13:03:32,21.95,975.9,869.0,20.664,89.00001
2022-01-09/13:03:34,21.95,975.9,869.0,20.664,88.30001
2022-01-09/13:03:35,21.95,975.9,869.0,20.664,88.20001
2022-01-09/13:03:36,21.95,975.9,869.0,20.664,88.20001
2022-01-09/13:03:37,21.98,975.9,866.0,20.424,88.20001
2022-01-09/13:03:38,21.98,975.9,866.0,20.424,88.20001
2022-01-09/13:03:40,21.98,975.9,866.0,20.424,88.20001
2022-01-09/13:03:41,21.98,975.9,866.0,20.424,88.20001
2022-01-09/13:03:42,21.98,975.9,866.0,20.424,88.1
2022-01-09/13:03:43,21.98,975.9,866.0,20.76,87.8
2022-01-09/13:03:44,21.98,975.9,866.0,20.76,87.29999
2022-01-09/13:03:45,21.98,975.9,866.0,20.76,87.29999
2022-01-09/13:03:47,21.98,975.9,866.0,20.76,87.29999
2022-01-09/13:03:48,21.98,975.9,866.0,20.76,87.29999
2022-01-09/13:03:49,21.98,975.9,866.0,20.496,87.29999
2022-01-09/13:03:50,21.98,975.9,866.0,20.496,87.29999
2022-01-09/13:03:51,21.98,975.9,866.0,20.496,87.19999
2022-01-09/13:03:52,21.98,975.9,866.0,20.496,86.6
2022-01-09/13:03:54,21.98,975.9,866.0,20.496,85.6
2022-01-09/13:03:55,22.04,976.0,872.0,20.352,86.10001
2022-01-09/13:03:56,22.04,976.0,872.0,20.352,87.29999
2022-01-09/13:03:57,22.04,976.0,872.0,20.352,87.29999
2022-01-09/13:03:58,22.04,976.0,872.0,20.352,87.19999
2022-01-09/13:04:00,22.04,976.0,872.0,20.352,86.8
2022-01-09/13:04:01,22.04,976.0,872.0,22.608,86.4
2022-01-09/13:04:02,22.04,976.0,872.0,22.608,86.4
2022-01-09/13:04:03,22.04,976.0,872.0,22.608,86.4
2022-01-09/13:04:04,22.04,976.0,872.0,22.608,86.4
2022-01-09/13:04:05,22.04,976.0,872.0,22.608,86.4
2022-01-09/13:04:07,22.07,976.0,870.0,21.432,86.4
2022-01-09/13:04:08,22.07,976.0,870.0,21.432,86.3
2022-01-09/13:04:09,22.07,976.0,870.0,21.432,86.3
2022-01-09/13:04:10,22.07,976.0,870.0,21.432,85.5
2022-01-09/13:04:11,22.07,976.0,870.0,21.432,85.5
2022-01-09/13:04:12,22.07,976.0,870.0,21.936,85.5
2022-01-09/13:04:14,22.07,976.0,870.0,21.936,85.5
2022-01-09/13:04:15,22.07,976.0,870.0,21.936,85.5
2022-01-09/13:04:16,22.07,976.0,870.0,21.936,85.5
2022-01-09/13:04:17,22.07,976.0,870.0,21.936,85.5
2022-01-09/13:04:18,22.07,976.0,870.0,21.888,85.5
2022-01-09/13:04:20,22.07,976.0,870.0,21.888,85.5
2022-01-09/13:04:21,22.07,976.0,870.0,21.888,85.5
2022-01-09/13:04:22,22.07,976.0,870.0,21.888,85.5
2022-01-09/13:04:23,22.07,976.0,870.0,21.888,84.99999
2022-01-09/13:04:24,22.1,976.0,873.0,21.576,84.59999
2022-01-09/13:04:25,22.1,976.0,873.0,21.576,84.7
2022-01-09/13:04:27,22.1,976.0,873.0,21.576,84.59999
2022-01-09/13:04:28,22.1,976.0,873.0,21.576,84.59999
2022-01-09/13:04:29,22.1,976.0,873.0,21.576,84.59999
2022-01-09/13:04:30,22.1,976.0,873.0,21.864,84.59999
2022-01-09/13:04:31,22.1,976.0,873.0,21.864,84.59999
2022-01-09/13:04:33,22.1,976.0,873.0,21.864,84.4
2022-01-09/13:04:34,22.1,976.0,873.0,21.864,84.1
2022-01-09/13:04:35,22.1,976.0,873.0,21.864,83.8
2022-01-09/13:04:36,22.15,975.9,876.0,21.744,83.70001
2022-01-09/13:04:37,22.15,975.9,876.0,21.744,83.70001
2022-01-09/13:04:38,22.15,975.9,876.0,21.744,83.70001
2022-01-09/13:04:40,22.15,975.9,876.0,21.744,83.70001
2022-01-09/13:04:41,22.15,975.9,876.0,21.744,83.70001
2022-01-09/13:04:42,22.15,975.9,876.0,21.84,83.70001
2022-01-09/13:04:43,22.15,975.9,876.0,21.84,83.70001
2022-01-09/13:04:44,22.15,975.9,876.0,21.84,83.30001
2022-01-09/13:04:46,22.15,975.9,876.0,21.84,82.80001
2022-01-09/13:04:47,22.15,975.9,876.0,21.84,82.80001
2022-01-09/13:04:48,22.15,975.9,876.0,22.056,82.80001
2022-01-09/13:04:49,22.15,975.9,876.0,22.056,82.80001
2022-01-09/13:04:50,22.15,975.9,876.0,22.056,82.80001
2022-01-09/13:04:51,22.15,975.9,876.0,22.056,82.49999
2022-01-09/13:04:53,22.15,975.9,876.0,22.056,82.0
2022-01-09/13:04:54,22.17,975.9,877.0,21.768,81.89999
2022-01-09/13:04:55,22.17,975.9,877.0,21.768,81.89999
2022-01-09/13:04:56,22.17,975.9,877.0,21.768,81.89999
2022-01-09/13:04:57,22.17,975.9,877.0,21.768,81.89999
2022-01-09/13:04:58,22.17,975.9,877.0,21.768,81.89999
2022-01-09/13:05:00,22.17,975.9,877.0,21.816,81.79999
2022-01-09/13:05:01,22.17,975.9,877.0,21.816,81.3
2022-01-09/13:05:02,22.17,975.9,877.0,21.816,81.0
2022-01-09/13:05:03,22.17,975.9,877.0,21.816,81.0
2022-01-09/13:05:04,22.17,975.9,877.0,21.816,81.0
2022-01-09/13:05:06,22.23,975.9,873.0,21.408,81.0
2022-01-09/13:05:07,22.23,975.9,873.0,21.408,81.0
2022-01-09/13:05:08,22.23,975.9,873.0,21.408,81.0
2022-01-09/13:05:09,22.23,975.9,873.0,21.408,81.0
2022-01-09/13:05:10,22.23,975.9,873.0,21.408,80.90001
2022-01-09/13:05:11,22.23,975.9,873.0,21.864,80.9
2022-01-09/13:05:13,22.23,975.9,873.0,21.864,80.4
2022-01-09/13:05:14,22.23,975.9,873.0,21.864,80.10001
2022-01-09/13:05:15,22.23,975.9,873.0,21.864,80.10001
2022-01-09/13:05:16,22.23,975.9,873.0,21.864,80.10001
2022-01-09/13:05:17,22.23,975.9,873.0,22.008,80.10001
2022-01-09/13:05:18,22.23,975.9,873.0,22.008,80.10001
2022-01-09/13:05:20,22.23,975.9,873.0,22.008,80.10001
2022-01-09/13:05:21,22.23,975.9,873.0,22.008,80.10001
2022-01-09/13:05:22,22.23,975.9,873.0,22.008,80.10001
2022-01-09/13:05:23,22.25,976.0,871.0,21.768,79.49999
2022-01-09/13:05:24,22.25,976.0,871.0,21.768,79.19999
2022-01-09/13:05:26,22.25,976.0,871.0,21.768,79.19999
2022-01-09/13:05:27,22.25,976.0,871.0,21.768,79.19999
2022-01-09/13:05:28,22.25,976.0,871.0,21.768,79.19999
2022-01-09/13:05:29,22.25,976.0,871.0,22.32,79.19999
2022-01-09/13:05:30,22.25,976.0,871.0,22.32,79.09999
2022-01-09/13:05:31,22.25,976.0,871.0,22.32,78.5
2022-01-09/13:05:33,22.25,976.0,871.0,22.32,78.3
2022-01-09/13:05:34,22.25,976.0,871.0,22.32,78.3
2022-01-09/13:05:35,22.29,976.0,867.0,21.744,78.3
2022-01-09/13:05:36,22.29,976.0,867.0,21.744,78.3
2022-01-09/13:05:37,22.29,976.0,867.0,21.744,78.3
2022-01-09/13:05:39,22.29,976.0,867.0,21.744,78.3
2022-01-09/13:05:40,22.29,976.0,867.0,21.744,78.3
2022-01-09/13:05:41,22.29,976.0,867.0,21.768,77.6
2022-01-09/13:05:42,22.29,976.0,867.0,21.768,77.4
2022-01-09/13:05:43,22.29,976.0,867.0,21.768,77.4
2022-01-09/13:05:44,22.29,976.0,867.0,21.768,77.4
2022-01-09/13:05:46,22.29,976.0,867.0,21.768,77.4
2022-01-09/13:05:47,22.29,976.0,867.0,21.864,77.4
2022-01-09/13:05:48,22.29,976.0,867.0,21.864,76.79999
2022-01-09/13:05:49,22.29,976.0,867.0,21.864,76.49999
2022-01-09/13:05:50,22.29,976.0,867.0,21.864,76.49999
2022-01-09/13:05:51,22.29,976.0,867.0,21.864,76.49999
2022-01-09/13:05:53,22.31,976.0,866.0,21.696,76.49999
2022-01-09/13:05:54,22.31,976.0,866.0,21.696,76.49999
2022-01-09/13:05:55,22.31,976.0,866.0,21.696,76.49999
2022-01-09/13:05:56,22.31,976.0,866.0,21.696,76.49999
2022-01-09/13:05:57,22.31,976.0,866.0,21.696,76.49999
2022-01-09/13:05:59,22.31,976.0,866.0,22.224,76.49999
2022-01-09/13:06:00,22.31,976.0,866.0,22.224,75.9
2022-01-09/13:06:01,22.31,976.0,866.0,22.224,75.60001
2022-01-09/13:06:02,22.31,976.0,866.0,22.224,75.60001
2022-01-09/13:06:03,22.31,976.0,866.0,22.224,75.60001
2022-01-09/13:06:04,22.31,976.0,866.0,21.48,75.60001
2022-01-09/13:06:06,22.31,976.0,866.0,21.48,75.60001
2022-01-09/13:06:07,22.31,976.0,866.0,21.48,75.60001
2022-01-09/13:06:08,22.31,976.0,866.0,21.48,75.60001
2022-01-09/13:06:09,22.31,976.0,866.0,21.48,75.60001
2022-01-09/13:06:10,22.35,976.0,866.0,22.056,75.4
2022-01-09/13:06:12,22.35,976.0,866.0,22.056,75.3
2022-01-09/13:06:13,22.35,976.0,866.0,22.056,74.70001
2022-01-09/13:06:14,22.35,976.0,866.0,22.056,74.70001
2022-01-09/13:06:15,22.35,976.0,866.0,22.056,74.70001
2022-01-09/13:06:16,22.35,976.0,866.0,21.456,74.70001
2022-01-09/13:06:17,22.35,976.0,866.0,21.456,74.70001
2022-01-09/13:06:19,22.35,976.0,866.0,21.456,74.70001
2022-01-09/13:06:20,22.35,976.0,866.0,21.456,74.70001
2022-01-09/13:06:21,22.35,976.0,866.0,21.456,74.70001
2022-01-09/13:06:22,22.37,976.0,867.0,21.912,74.70001
2022-01-09/13:06:23,22.37,976.0,867.0,21.912,74.5
2022-01-09/13:06:24,22.37,976.0,867.0,21.912,73.89999
2022-01-09/13:06:26,22.37,976.0,867.0,21.912,73.79999
2022-01-09/13:06:27,22.37,976.0,867.0,21.912,73.79999
2022-01-09/13:06:28,22.37,976.0,867.0,22.104,73.79999
2022-01-09/13:06:29,22.37,976.0,867.0,22.104,73.79999
2022-01-09/13:06:30,22.37,976.0,867.0,22.104,73.79999
2022-01-09/13:06:32,22.37,976.0,867.0,22.104,73.79999
2022-01-09/13:06:33,22.37,976.0,867.0,22.104,73.79999
2022-01-09/13:06:34,22.37,976.0,867.0,22.248,73.79999
2022-01-09/13:06:35,22.37,976.0,867.0,22.248,73.79999
2022-01-09/13:06:36,22.37,976.0,867.0,22.248,73.79999
2022-01-09/13:06:37,22.37,976.0,867.0,22.248,73.79999
2022-01-09/13:06:39,22.37,976.0,867.0,22.248,73.69999
2022-01-09/13:06:40,22.4,976.0,865.0,21.936,73.59999
2022-01-09/13:06:41,22.4,976.0,865.0,21.936,73.4
2022-01-09/13:06:42,22.4,976.0,865.0,21.936,73.49999
2022-01-09/13:06:43,22.4,976.0,865.0,21.936,72.9
2022-01-09/13:06:44,22.4,976.0,865.0,21.936,72.9
2022-01-09/13:06:46,22.4,976.0,865.0,22.2,72.9
2022-01-09/13:06:47,22.4,976.0,865.0,22.2,72.9
2022-01-09/13:06:48,22.4,976.0,865.0,22.2,72.9
2022-01-09/13:06:49,22.4,976.0,865.0,22.2,72.9
2022-01-09/13:06:50,22.4,976.0,865.0,22.2,72.9
2022-01-09/13:06:52,22.41,976.0,869.0,21.552,72.9
2022-01-09/13:06:53,22.41,976.0,869.0,21.552,72.9
2022-01-09/13:06:54,22.41,976.0,869.0,21.552,72.9
2022-01-09/13:06:55,22.41,976.0,869.0,21.552,72.9
2022-01-09/13:06:56,22.41,976.0,869.0,21.552,72.9
2022-01-09/13:06:57,22.41,976.0,869.0,21.576,72.9
2022-01-09/13:06:59,22.41,976.0,869.0,21.576,72.8
2022-01-09/13:07:00,22.41,976.0,869.0,21.576,72.50001
2022-01-09/13:07:01,22.41,976.0,869.0,21.576,72.20001
2022-01-09/13:07:02,22.41,976.0,869.0,21.576,72.1
2022-01-09/13:07:03,22.41,976.0,869.0,21.36,72.0
2022-01-09/13:07:05,22.41,976.0,869.0,21.36,72.0
2022-01-09/13:07:06,22.41,976.0,869.0,21.36,72.0
2022-01-09/13:07:07,22.41,976.0,869.0,21.36,72.0
2022-01-09/13:07:08,22.41,976.0,869.0,21.36,72.0
2022-01-09/13:07:09,22.43,976.0,875.0,21.744,72.0
2022-01-09/13:07:10,22.43,976.0,875.0,21.744,72.0
2022-01-09/13:07:12,22.43,976.0,875.0,21.744,72.0
2022-01-09/13:07:13,22.43,976.0,875.0,21.744,72.0
2022-01-09/13:07:14,22.43,976.0,875.0,21.744,72.0
2022-01-09/13:07:15,22.43,976.0,875.0,21.6,72.0
2022-01-09/13:07:16,22.43,976.0,875.0,21.6,72.0
2022-01-09/13:07:17,22.43,976.0,875.0,21.6,71.9
2022-01-09/13:07:19,22.43,976.0,875.0,21.6,71.6
2022-01-09/13:07:20,22.43,976.0,875.0,21.6,71.39999
2022-01-09/13:07:21,22.45,976.0,870.0,21.36,71.09999
2022-01-09/13:07:22,22.45,976.0,870.0,21.36,71.09999
2022-01-09/13:07:23,22.45,976.0,870.0,21.36,71.09999
2022-01-09/13:07:25,22.45,976.0,870.0,21.36,71.09999
2022-01-09/13:07:26,22.45,976.0,870.0,21.36,71.09999
2022-01-09/13:07:27,22.45,976.0,870.0,21.288,71.09999
2022-01-09/13:07:28,22.45,976.0,870.0,21.288,71.09999
2022-01-09/13:07:29,22.45,976.0,870.0,21.288,71.09999
2022-01-09/13:07:30,22.45,976.0,870.0,21.288,71.09999
2022-01-09/13:07:32,22.45,976.0,870.0,21.288,71.09999
2022-01-09/13:07:33,22.45,976.0,870.0,21.48,71.09999
2022-01-09/13:07:34,22.45,976.0,870.0,21.48,71.09999
2022-01-09/13:07:35,22.45,976.0,870.0,21.48,71.09999
2022-01-09/13:07:36,22.45,976.0,870.0,21.48,71.09999
2022-01-09/13:07:37,22.45,976.0,870.0,21.48,70.9
2022-01-09/13:07:39,22.46,976.0,868.0,20.736,70.99999
2022-01-09/13:07:40,22.46,976.0,868.0,20.736,70.5
2022-01-09/13:07:41,22.46,976.0,868.0,20.736,70.2
2022-01-09/13:07:42,22.46,976.0,868.0,20.736,70.2
2022-01-09/13:07:43,22.46,976.0,868.0,20.736,70.2
2022-01-09/13:07:45,22.46,976.0,868.0,21.648,70.2
2022-01-09/13:07:46,22.46,976.0,868.0,21.648,70.2
2022-01-09/13:07:47,22.46,976.0,868.0,21.648,70.2
2022-01-09/13:07:48,22.46,976.0,868.0,21.648,70.2
2022-01-09/13:07:49,22.46,976.0,868.0,21.648,70.2
2022-01-09/13:07:50,22.49,976.0,870.0,21.816,70.2
2022-01-09/13:07:52,22.49,976.0,870.0,21.816,70.10001
2022-01-09/13:07:53,22.49,976.0,870.0,21.816,70.1
2022-01-09/13:07:54,22.49,976.0,870.0,21.816,69.8
2022-01-09/13:07:55,22.49,976.0,870.0,21.816,69.60001
2022-01-09/13:07:56,22.49,976.0,870.0,22.008,69.5
2022-01-09/13:07:58,22.49,976.0,870.0,22.008,69.4
2022-01-09/13:07:59,22.49,976.0,870.0,22.008,69.3
2022-01-09/13:08:00,22.49,976.0,870.0,22.008,69.3
2022-01-09/13:08:01,22.49,976.0,870.0,22.008,69.3
2022-01-09/13:08:02,22.49,976.0,870.0,21.288,69.3
2022-01-09/13:08:03,22.49,976.0,870.0,21.288,69.3
2022-01-09/13:08:05,22.49,976.0,870.0,21.288,69.3
2022-01-09/13:08:06,22.49,976.0,870.0,21.288,69.3
2022-01-09/13:08:07,22.49,976.0,870.0,21.288,69.3
2022-01-09/13:08:08,22.5,976.0,863.0,21.192,69.3
2022-01-09/13:08:09,22.5,976.0,863.0,21.192,69.3
2022-01-09/13:08:10,22.5,976.0,863.0,21.192,69.3
2022-01-09/13:08:12,22.5,976.0,863.0,21.192,69.3
2022-01-09/13:08:13,22.5,976.0,863.0,21.192,69.3
2022-01-09/13:08:14,22.5,976.0,863.0,21.816,69.3
2022-01-09/13:08:15,22.5,976.0,863.0,21.816,69.3
2022-01-09/13:08:16,22.5,976.0,863.0,21.816,69.3
2022-01-09/13:08:18,22.5,976.0,863.0,21.816,69.3
2022-01-09/13:08:19,22.5,976.0,863.0,21.816,69.3
2022-01-09/13:08:20,22.53,976.0,863.0,21.912,69.20001
2022-01-09/13:08:21,22.53,976.0,863.0,21.912,69.2
2022-01-09/13:08:22,22.53,976.0,863.0,21.912,69.1
2022-01-09/13:08:23,22.53,976.0,863.0,21.912,68.60001
2022-01-09/13:08:25,22.53,976.0,863.0,21.912,68.4
2022-01-09/13:08:26,22.53,976.0,863.0,21.96,68.4
2022-01-09/13:08:27,22.53,976.0,863.0,21.96,68.4
2022-01-09/13:08:28,22.53,976.0,863.0,21.96,68.4
2022-01-09/13:08:29,22.53,976.0,863.0,21.96,68.4
2022-01-09/13:08:30,22.53,976.0,863.0,21.96,68.4
2022-01-09/13:08:32,22.53,976.0,863.0,21.528,68.4
2022-01-09/13:08:33,22.53,976.0,863.0,21.528,68.4
2022-01-09/13:08:34,22.53,976.0,863.0,21.528,68.4
2022-01-09/13:08:35,22.53,976.0,863.0,21.528,68.4
2022-01-09/13:08:36,22.53,976.0,863.0,21.528,68.2
2022-01-09/13:08:38,22.53,976.0,858.0,21.84,67.6
2022-01-09/13:08:39,22.53,976.0,858.0,21.84,67.6
2022-01-09/13:08:40,22.53,976.0,858.0,21.84,67.5
2022-01-09/13:08:41,22.53,976.0,858.0,21.84,67.5
2022-01-09/13:08:42,22.53,976.0,858.0,21.84,67.5
2022-01-09/13:08:43,22.53,976.0,858.0,22.176,67.5
2022-01-09/13:08:45,22.53,976.0,858.0,22.176,67.5
2022-01-09/13:08:46,22.53,976.0,858.0,22.176,67.5
2022-01-09/13:08:47,22.53,976.0,858.0,22.176,67.39999
2022-01-09/13:08:48,22.53,976.0,858.0,22.176,67.2
2022-01-09/13:08:49,22.53,976.0,858.0,22.44,67.3
2022-01-09/13:08:51,22.53,976.0,858.0,22.44,67.0
2022-01-09/13:08:52,22.53,976.0,858.0,22.44,66.6
2022-01-09/13:08:53,22.53,976.0,858.0,22.44,66.69999
2022-01-09/13:08:54,22.53,976.0,858.0,22.44,66.6
2022-01-09/13:08:55,22.57,976.0,861.0,21.744,66.6
2022-01-09/13:08:56,22.57,976.0,861.0,21.744,66.6
2022-01-09/13:08:58,22.57,976.0,861.0,21.744,66.6
2022-01-09/13:08:59,22.57,976.0,861.0,21.744,66.6
2022-01-09/13:09:00,22.57,976.0,861.0,21.744,66.6
2022-01-09/13:09:01,22.57,976.0,861.0,22.224,66.6
2022-01-09/13:09:02,22.57,976.0,861.0,22.224,66.6
2022-01-09/13:09:03,22.57,976.0,861.0,22.224,66.6
2022-01-09/13:09:05,22.57,976.0,861.0,22.224,66.6
2022-01-09/13:09:06,22.57,976.0,861.0,22.224,66.6
2022-01-09/13:09:07,22.57,976.0,856.0,22.104,66.6
2022-01-09/13:09:08,22.57,976.0,856.0,22.104,66.6
2022-01-09/13:09:09,22.57,976.0,856.0,22.104,66.6
2022-01-09/13:09:11,22.57,976.0,856.0,22.104,66.6
2022-01-09/13:09:12,22.57,976.0,856.0,22.104,66.6
2022-01-09/13:09:13,22.57,976.0,856.0,21.816,66.6
2022-01-09/13:09:14,22.57,976.0,856.0,21.816,66.6
2022-01-09/13:09:15,22.57,976.0,856.0,21.816,66.6
2022-01-09/13:09:16,22.57,976.0,856.0,21.816,66.6
2022-01-09/13:09:18,22.57,976.0,856.0,21.816,66.6
2022-01-09/13:09:19,22.57,976.0,856.0,26.472,66.6
2022-01-09/13:09:20,22.57,976.0,856.0,26.472,66.6
2022-01-09/13:09:21,22.57,976.0,856.0,26.472,66.6
2022-01-09/13:09:22,22.57,976.0,856.0,26.472,65.4
2022-01-09/13:09:23,22.57,976.0,856.0,26.472,64.8
2022-01-09/13:09:25,22.6,976.0,855.0,23.256,65.4
2022-01-09/13:09:26,22.6,976.0,855.0,23.256,65.60001
2022-01-09/13:09:27,22.6,976.0,855.0,23.256,64.20001
2022-01-09/13:09:28,22.6,976.0,855.0,23.256,60.0
2022-01-09/13:09:29,22.6,976.0,855.0,23.256,54.70001
2022-01-09/13:09:31,22.6,976.0,855.0,26.184,61.50001
2022-01-09/13:09:32,22.6,976.0,855.0,26.184,62.9
2022-01-09/13:09:33,22.6,976.0,855.0,26.184,61.60001
2022-01-09/13:09:34,22.6,976.0,855.0,26.184,63.5
2022-01-09/13:09:35,22.6,976.0,855.0,26.184,61.6
2022-01-09/13:09:36,22.6,976.0,856.0,24.048,63.8
2022-01-09/13:09:38,22.6,976.0,856.0,24.048,62.1
2022-01-09/13:09:39,22.6,976.0,856.0,24.048,63.5
2022-01-09/13:09:40,22.6,976.0,856.0,24.048,63.89999
2022-01-09/13:09:41,22.6,976.0,856.0,24.048,63.89999
2022-01-09/13:09:42,22.6,976.0,856.0,22.392,63.89999
2022-01-09/13:09:44,22.6,976.0,856.0,22.392,63.89999
2022-01-09/13:09:45,22.6,976.0,856.0,22.392,63.89999
2022-01-09/13:09:46,22.6,976.0,856.0,22.392,62.4
2022-01-09/13:09:47,22.6,976.0,856.0,22.392,62.1
2022-01-09/13:09:48,22.6,976.0,856.0,21.912,62.1
2022-01-09/13:09:49,22.6,976.0,856.0,21.912,62.1
2022-01-09/13:09:51,22.6,976.0,856.0,21.912,62.80001
2022-01-09/13:09:52,22.6,976.0,856.0,21.912,62.9
2022-01-09/13:09:53,22.6,976.0,856.0,21.912,62.7
2022-01-09/13:09:54,22.62,976.0,864.0,21.672,62.9
2022-01-09/13:09:55,22.62,976.0,864.0,21.672,62.9
2022-01-09/13:09:56,22.62,976.0,864.0,21.672,65.70001
2022-01-09/13:09:58,22.62,976.0,864.0,21.672,65.70001
2022-01-09/13:09:59,22.62,976.0,864.0,21.672,66.0
2022-01-09/13:10:00,22.62,976.0,864.0,21.504,66.5
2022-01-09/13:10:01,22.62,976.0,864.0,21.504,66.2
2022-01-09/13:10:02,22.62,976.0,864.0,21.504,66.5
2022-01-09/13:10:04,22.62,976.0,864.0,21.504,66.6
2022-01-09/13:10:05,22.62,976.0,864.0,21.504,66.6
2022-01-09/13:10:06,22.64,976.0,875.0,21.312,66.6
2022-01-09/13:10:07,22.64,976.0,875.0,21.312,66.6
2022-01-09/13:10:08,22.64,976.0,875.0,21.312,66.6
2022-01-09/13:10:09,22.64,976.0,875.0,21.312,66.6
2022-01-09/13:10:11,22.64,976.0,875.0,21.312,66.6
2022-01-09/13:10:12,22.64,976.0,875.0,21.456,66.7
2022-01-09/13:10:13,22.64,976.0,875.0,21.456,66.0
2022-01-09/13:10:14,22.64,976.0,875.0,21.456,64.9
2022-01-09/13:10:15,22.64,976.0,875.0,21.456,65.9
2022-01-09/13:10:16,22.64,976.0,875.0,21.456,66.7
2022-01-09/13:10:18,22.64,976.0,875.0,22.536,67.1
2022-01-09/13:10:19,22.64,976.0,875.0,22.536,67.5
2022-01-09/13:10:20,22.64,976.0,875.0,22.536,67.39999
2022-01-09/13:10:21,22.64,976.0,875.0,22.536,67.5
2022-01-09/13:10:22,22.64,976.0,875.0,22.536,67.5
2022-01-09/13:10:24,22.64,976.0,878.0,21.0,66.69999
2022-01-09/13:10:25,22.64,976.0,878.0,21.0,66.69999
2022-01-09/13:10:26,22.64,976.0,878.0,21.0,67.5
2022-01-09/13:10:27,22.64,976.0,878.0,21.0,67.2