
2022-01-05/17:57:09,22.48,980.2,1213.0,22.464,210.6
2022-01-05/17:57:11,22.48,980.2,1213.0,22.464,210.6
2022-01-05/17:57:12,22.48,980.2,1213.0,22.464,210.6
2022-01-05/17:57:13,22.5,980.1,1205.0,23.544,210.6
2022-01-05/17:57:14,22.5,980.1,1205.0,23.544,210.6
2022-01-05/17:57:15,22.5,980.1,1205.0,23.544,210.6
2022-01-05/17:57:16,22.5,980.1,1205.0,23.544,210.6
2022-01-05/17:57:18,22.5,980.1,1205.0,23.544,210.6
2022-01-05/17:57:19,22.5,980.1,1205.0,23.04,210.6
2022-01-05/17:57:20,22.5,980.1,1205.0,23.04,210.6
2022-01-05/17:57:21,22.5,980.1,1205.0,23.04,211.2
2022-01-05/17:57:22,22.5,980.1,1205.0,23.04,211.4
2022-01-05/17:57:24,22.5,980.1,1205.0,23.04,211.5
2022-01-05/17:57:25,22.49,980.1,1204.0,23.064,211.3
2022-01-05/17:57:26,22.49,980.1,1204.0,23.064,211.1
2022-01-05/17:57:27,22.49,980.1,1204.0,23.064,211.4
2022-01-05/17:57:28,22.49,980.1,1204.0,23.064,211.3
2022-01-05/17:57:29,22.49,980.1,1204.0,23.064,211.0
2022-01-05/17:57:31,22.49,980.1,1204.0,22.896,210.6
2022-01-05/17:57:32,22.49,980.1,1204.0,22.896,210.6
2022-01-05/17:57:33,22.49,980.1,1204.0,22.896,210.6
2022-01-05/17:57:34,22.49,980.1,1204.0,22.896,211.1
2022-01-05/17:57:35,22.49,980.1,1204.0,22.896,210.6