time,tempce,luftfeucht,co2,laut,hell
2022-01-05/17:57:40,22.51,980.2,1205.0,24.0,210.6
2022-01-05/17:57:41,22.51,980.2,1205.0,24.0,210.6
2022-01-05/17:57:43,22.51,980.2,1205.0,24.0,210.6
2022-01-05/17:57:44,22.51,980.2,1205.0,23.808,210.6
2022-01-05/17:57:45,22.51,980.2,1205.0,23.808,210.6
2022-01-05/17:57:46,22.51,980.2,1205.0,23.808,210.6
2022-01-05/17:57:47,22.51,980.2,1205.0,23.808,210.6
2022-01-05/17:57:48,22.51,980.2,1205.0,23.808,210.6
2022-01-05/17:57:50,22.51,980.2,1205.0,23.208,210.6
2022-01-05/17:57:51,22.51,980.2,1205.0,23.208,210.6
2022-01-05/17:57:52,22.51,980.2,1205.0,23.208,210.9
2022-01-05/17:57:53,22.51,980.2,1205.0,23.208,211.3
2022-01-05/17:57:54,22.51,980.2,1205.0,23.208,211.3
2022-01-05/17:57:56,22.51,980.2,1207.0,22.752,211.1
2022-01-05/17:57:57,22.51,980.2,1207.0,22.752,210.6
2022-01-05/17:57:58,22.51,980.2,1207.0,22.752,210.6
2022-01-05/17:57:59,22.51,980.2,1207.0,22.752,210.6
2022-01-05/17:58:00,22.51,980.2,1207.0,22.752,210.6
2022-01-05/17:58:01,22.51,980.2,1207.0,23.208,210.6
2022-01-05/17:58:03,22.51,980.2,1207.0,23.208,210.6
2022-01-05/17:58:04,22.51,980.2,1207.0,23.208,210.6
2022-01-05/17:58:05,22.51,980.2,1207.0,23.208,210.6
2022-01-05/17:58:06,22.51,980.2,1207.0,23.208,210.6
2022-01-05/17:58:07,22.51,980.1,1203.0,23.904,210.6
2022-01-05/17:58:08,22.51,980.1,1203.0,23.904,210.6
2022-01-05/17:58:10,22.51,980.1,1203.0,23.904,210.6
2022-01-05/17:58:11,22.51,980.1,1203.0,23.904,210.6
2022-01-05/17:58:12,22.51,980.1,1203.0,23.904,210.6
2022-01-05/17:58:13,22.51,980.1,1203.0,22.224,210.6
2022-01-05/17:58:14,22.51,980.1,1203.0,22.224,210.6
2022-01-05/17:58:16,22.51,980.1,1203.0,22.224,210.6
2022-01-05/17:58:17,22.51,980.1,1203.0,22.224,210.6
2022-01-05/17:58:18,22.51,980.1,1203.0,22.224,210.6
2022-01-05/17:58:19,22.51,980.1,1203.0,23.088,210.6
2022-01-05/17:58:20,22.51,980.1,1203.0,23.088,210.6
2022-01-05/17:58:21,22.51,980.1,1203.0,23.088,210.6
2022-01-05/17:58:23,22.51,980.1,1203.0,23.088,210.6
2022-01-05/17:58:24,22.51,980.1,1203.0,23.088,210.6
2022-01-05/17:58:25,22.51,980.2,1203.0,22.752,210.6
2022-01-05/17:58:26,22.51,980.2,1203.0,22.752,210.6
2022-01-05/17:58:27,22.51,980.2,1203.0,22.752,210.6
2022-01-05/17:58:28,22.51,980.2,1203.0,22.752,210.6
2022-01-05/17:58:30,22.51,980.2,1203.0,22.752,210.6
2022-01-05/17:58:31,22.51,980.2,1203.0,22.944,210.6
2022-01-05/17:58:32,22.51,980.2,1203.0,22.944,210.6
2022-01-05/17:58:33,22.51,980.2,1203.0,22.944,210.6
2022-01-05/17:58:34,22.51,980.2,1203.0,22.944,210.6
2022-01-05/17:58:36,22.51,980.2,1203.0,22.944,210.6
2022-01-05/17:58:37,22.51,980.2,1203.0,22.584,210.6
2022-01-05/17:58:38,22.51,980.2,1203.0,22.584,210.6
2022-01-05/17:58:39,22.51,980.2,1203.0,22.584,210.6
2022-01-05/17:58:40,22.51,980.2,1203.0,22.584,210.6
2022-01-05/17:58:41,22.51,980.2,1203.0,22.584,210.6
2022-01-05/17:58:43,22.53,980.2,1197.0,22.968,210.6
2022-01-05/17:58:44,22.53,980.2,1197.0,22.968,210.6
2022-01-05/17:58:45,22.53,980.2,1197.0,22.968,210.6
2022-01-05/17:58:46,22.53,980.2,1197.0,22.968,210.6
2022-01-05/17:58:47,22.53,980.2,1197.0,22.968,210.6
2022-01-05/17:58:49,22.53,980.2,1197.0,22.656,210.6
2022-01-05/17:58:50,22.53,980.2,1197.0,22.656,210.6
2022-01-05/17:58:51,22.53,980.2,1197.0,22.656,210.6
2022-01-05/17:58:52,22.53,980.2,1197.0,22.656,210.6
2022-01-05/17:58:53,22.53,980.2,1197.0,22.656,210.6
2022-01-05/17:58:54,22.51,980.2,1190.0,22.56,210.6
2022-01-05/17:58:56,22.51,980.2,1190.0,22.56,210.6
2022-01-05/17:58:57,22.51,980.2,1190.0,22.56,210.6
2022-01-05/17:58:58,22.51,980.2,1190.0,22.56,210.6
2022-01-05/17:58:59,22.51,980.2,1190.0,22.56,210.6
2022-01-05/17:59:00,22.51,980.2,1190.0,22.896,210.6
2022-01-05/17:59:01,22.51,980.2,1190.0,22.896,210.6
2022-01-05/17:59:03,22.51,980.2,1190.0,22.896,210.6
2022-01-05/17:59:04,22.51,980.2,1190.0,22.896,210.6
2022-01-05/17:59:05,22.51,980.2,1190.0,22.896,210.6
2022-01-05/17:59:06,22.51,980.2,1190.0,22.704,210.6
2022-01-05/17:59:07,22.51,980.2,1190.0,22.704,210.6
2022-01-05/17:59:09,22.51,980.2,1190.0,22.704,210.6
2022-01-05/17:59:10,22.51,980.2,1190.0,22.704,210.7
2022-01-05/17:59:11,22.51,980.2,1190.0,22.704,210.6
2022-01-05/17:59:12,22.53,980.1,1188.0,23.112,210.6
2022-01-05/17:59:13,22.53,980.1,1188.0,23.112,210.6
2022-01-05/17:59:14,22.53,980.1,1188.0,23.112,210.3
2022-01-05/17:59:16,22.53,980.1,1188.0,23.112,210.5
2022-01-05/17:59:17,22.53,980.1,1188.0,23.112,210.6
2022-01-05/17:59:18,22.53,980.1,1188.0,23.136,210.6
2022-01-05/17:59:19,22.53,980.1,1188.0,23.136,210.6
2022-01-05/17:59:20,22.53,980.1,1188.0,23.136,212.0
2022-01-05/17:59:22,22.53,980.1,1188.0,23.136,213.2
2022-01-05/17:59:23,22.53,980.1,1188.0,23.136,213.3
2022-01-05/17:59:24,22.53,980.2,1189.0,22.656,213.3
2022-01-05/17:59:25,22.53,980.2,1189.0,22.656,213.3
2022-01-05/17:59:26,22.53,980.2,1189.0,22.656,213.3
2022-01-05/17:59:27,22.53,980.2,1189.0,22.656,213.3
2022-01-05/17:59:29,22.53,980.2,1189.0,22.656,213.3
2022-01-05/17:59:30,22.53,980.2,1189.0,22.896,213.2
2022-01-05/17:59:31,22.53,980.2,1189.0,22.896,213.3
2022-01-05/17:59:32,22.53,980.2,1189.0,22.896,213.3
2022-01-05/17:59:33,22.53,980.2,1189.0,22.896,213.3
2022-01-05/17:59:34,22.53,980.2,1189.0,22.896,213.3
2022-01-05/17:59:36,22.53,980.2,1189.0,23.16,213.3
2022-01-05/17:59:37,22.53,980.2,1189.0,23.16,212.8
2022-01-05/17:59:38,22.53,980.2,1189.0,23.16,213.1
2022-01-05/17:59:39,22.53,980.2,1189.0,23.16,212.8
2022-01-05/17:59:40,22.53,980.2,1189.0,23.16,212.4
2022-01-05/17:59:42,22.54,980.2,1196.0,25.488,212.4
2022-01-05/17:59:43,22.54,980.2,1196.0,25.488,213.3
2022-01-05/17:59:44,22.54,980.2,1196.0,25.488,213.2
2022-01-05/17:59:45,22.54,980.2,1196.0,25.488,213.0
2022-01-05/17:59:46,22.54,980.2,1196.0,25.488,213.1
2022-01-05/17:59:47,22.54,980.2,1196.0,23.064,212.7
2022-01-05/17:59:49,22.54,980.2,1196.0,23.064,213.3
2022-01-05/17:59:50,22.54,980.2,1196.0,23.064,213.3
2022-01-05/17:59:51,22.54,980.2,1196.0,23.064,213.3
2022-01-05/17:59:52,22.54,980.2,1196.0,23.064,213.3
2022-01-05/17:59:53,22.55,980.2,1205.0,22.8,213.3
2022-01-05/17:59:55,22.55,980.2,1205.0,22.8,213.3
2022-01-05/17:59:56,22.55,980.2,1205.0,22.8,212.9
2022-01-05/17:59:57,22.55,980.2,1205.0,22.8,212.5
2022-01-05/17:59:58,22.55,980.2,1205.0,22.8,212.4
2022-01-05/17:59:59,22.55,980.2,1205.0,22.776,212.4
2022-01-05/18:00:00,22.55,980.2,1205.0,22.776,212.5
2022-01-05/18:00:02,22.55,980.2,1205.0,22.776,212.5
2022-01-05/18:00:03,22.55,980.2,1205.0,22.776,212.6
2022-01-05/18:00:04,22.55,980.2,1205.0,22.776,212.5
2022-01-05/18:00:05,22.55,980.2,1205.0,22.944,212.5
2022-01-05/18:00:06,22.55,980.2,1205.0,22.944,212.6
2022-01-05/18:00:07,22.55,980.2,1205.0,22.944,212.6
2022-01-05/18:00:09,22.55,980.2,1205.0,22.944,212.8
2022-01-05/18:00:10,22.55,980.2,1205.0,22.944,213.0
2022-01-05/18:00:11,22.55,980.2,1212.0,22.632,213.3
2022-01-05/18:00:12,22.55,980.2,1212.0,22.632,213.0
2022-01-05/18:00:13,22.55,980.2,1212.0,22.632,213.0
2022-01-05/18:00:15,22.55,980.2,1212.0,22.632,213.3
2022-01-05/18:00:16,22.55,980.2,1212.0,22.632,213.2
2022-01-05/18:00:17,22.55,980.2,1212.0,23.064,213.3
2022-01-05/18:00:18,22.55,980.2,1212.0,23.064,213.5
2022-01-05/18:00:19,22.55,980.2,1212.0,23.064,212.9
2022-01-05/18:00:20,22.55,980.2,1212.0,23.064,212.4
2022-01-05/18:00:22,22.55,980.2,1212.0,23.064,212.4
2022-01-05/18:00:23,22.57,980.2,1216.0,22.896,213.0
2022-01-05/18:00:24,22.57,980.2,1216.0,22.896,213.4
2022-01-05/18:00:25,22.57,980.2,1216.0,22.896,213.3
2022-01-05/18:00:26,22.57,980.2,1216.0,22.896,213.3
2022-01-05/18:00:27,22.57,980.2,1216.0,22.896,213.3
2022-01-05/18:00:29,22.57,980.2,1216.0,22.872,213.3
2022-01-05/18:00:30,22.57,980.2,1216.0,22.872,213.3
2022-01-05/18:00:31,22.57,980.2,1216.0,22.872,213.3
2022-01-05/18:00:32,22.57,980.2,1216.0,22.872,213.3
2022-01-05/18:00:33,22.57,980.2,1216.0,22.872,213.3
2022-01-05/18:00:35,22.57,980.2,1216.0,23.016,213.3
2022-01-05/18:00:36,22.57,980.2,1216.0,23.016,213.3
2022-01-05/18:00:37,22.57,980.2,1216.0,23.016,213.3
2022-01-05/18:00:38,22.57,980.2,1216.0,23.016,212.7
2022-01-05/18:00:39,22.57,980.2,1216.0,23.016,213.3
2022-01-05/18:00:40,22.56,980.2,1219.0,22.848,212.9
2022-01-05/18:00:42,22.56,980.2,1219.0,22.848,213.1
2022-01-05/18:00:43,22.56,980.2,1219.0,22.848,212.7
2022-01-05/18:00:44,22.56,980.2,1219.0,22.848,212.8
2022-01-05/18:00:45,22.56,980.2,1219.0,22.848,213.0
2022-01-05/18:00:46,22.56,980.2,1219.0,22.44,212.4
2022-01-05/18:00:48,22.56,980.2,1219.0,22.44,212.4
2022-01-05/18:00:49,22.56,980.2,1219.0,22.44,212.4
2022-01-05/18:00:50,22.56,980.2,1219.0,22.44,212.4
2022-01-05/18:00:51,22.56,980.2,1219.0,22.44,209.7
2022-01-05/18:00:52,22.59,980.2,1218.0,23.664,209.7
2022-01-05/18:00:53,22.59,980.2,1218.0,23.664,209.7
2022-01-05/18:00:55,22.59,980.2,1218.0,23.664,209.7
2022-01-05/18:00:56,22.59,980.2,1218.0,23.664,209.7
2022-01-05/18:00:57,22.59,980.2,1218.0,23.664,209.7
2022-01-05/18:00:58,22.59,980.2,1218.0,22.248,209.7
2022-01-05/18:00:59,22.59,980.2,1218.0,22.248,209.7
2022-01-05/18:01:00,22.59,980.2,1218.0,22.248,209.7
2022-01-05/18:01:02,22.59,980.2,1218.0,22.248,209.7
2022-01-05/18:01:03,22.59,980.2,1218.0,22.248,209.7
2022-01-05/18:01:04,22.59,980.2,1218.0,22.512,209.7
2022-01-05/18:01:05,22.59,980.2,1218.0,22.512,209.7
2022-01-05/18:01:06,22.59,980.2,1218.0,22.512,209.7
2022-01-05/18:01:08,22.59,980.2,1218.0,22.512,210.2
2022-01-05/18:01:09,22.59,980.2,1218.0,22.512,213.3
2022-01-05/18:01:10,22.58,980.2,1221.0,22.896,213.2
2022-01-05/18:01:11,22.58,980.2,1221.0,22.896,212.4
2022-01-05/18:01:12,22.58,980.2,1221.0,22.896,212.4
2022-01-05/18:01:13,22.58,980.2,1221.0,22.896,212.4
2022-01-05/18:01:15,22.58,980.2,1221.0,22.896,212.7
2022-01-05/18:01:16,22.58,980.2,1221.0,24.144,213.3
2022-01-05/18:01:17,22.58,980.2,1221.0,24.144,213.3
2022-01-05/18:01:18,22.58,980.2,1221.0,24.144,213.3
2022-01-05/18:01:19,22.58,980.2,1221.0,24.144,213.3
2022-01-05/18:01:21,22.58,980.2,1221.0,24.144,213.2
2022-01-05/18:01:22,22.58,980.2,1221.0,22.848,212.5
2022-01-05/18:01:23,22.58,980.2,1221.0,22.848,212.6
2022-01-05/18:01:24,22.58,980.2,1221.0,22.848,212.7
2022-01-05/18:01:25,22.58,980.2,1221.0,22.848,213.3
2022-01-05/18:01:26,22.58,980.2,1221.0,22.848,213.1
2022-01-05/18:01:28,22.6,980.2,1225.0,23.064,212.4
2022-01-05/18:01:29,22.6,980.2,1225.0,23.064,212.4
2022-01-05/18:01:30,22.6,980.2,1225.0,23.064,212.8
2022-01-05/18:01:31,22.6,980.2,1225.0,23.064,213.0
2022-01-05/18:01:32,22.6,980.2,1225.0,23.064,213.1
2022-01-05/18:01:33,22.6,980.2,1225.0,22.848,213.1
2022-01-05/18:01:35,22.6,980.2,1225.0,22.848,213.1
2022-01-05/18:01:36,22.6,980.2,1225.0,22.848,213.1
2022-01-05/18:01:37,22.6,980.2,1225.0,22.848,213.1
2022-01-05/18:01:38,22.6,980.2,1225.0,22.848,213.2
2022-01-05/18:01:39,22.6,980.1,1236.0,22.608,212.9
2022-01-05/18:01:41,22.6,980.1,1236.0,22.608,212.4
2022-01-05/18:01:42,22.6,980.1,1236.0,22.608,212.4
2022-01-05/18:01:43,22.6,980.1,1236.0,22.608,213.1
2022-01-05/18:01:44,22.6,980.1,1236.0,22.608,212.9
2022-01-05/18:01:45,22.6,980.1,1236.0,22.68,212.7
2022-01-05/18:01:46,22.6,980.1,1236.0,22.68,213.0
2022-01-05/18:01:48,22.6,980.1,1236.0,22.68,212.4
2022-01-05/18:01:49,22.6,980.1,1236.0,22.68,212.4
2022-01-05/18:01:50,22.6,980.1,1236.0,22.68,212.4
2022-01-05/18:01:51,22.6,980.1,1236.0,23.064,212.4
2022-01-05/18:01:52,22.6,980.1,1236.0,23.064,212.4
2022-01-05/18:01:54,22.6,980.1,1236.0,23.064,212.4
2022-01-05/18:01:55,22.6,980.1,1236.0,23.064,212.4
2022-01-05/18:01:56,22.6,980.1,1236.0,23.064,212.4
2022-01-05/18:01:57,22.6,980.2,1245.0,22.824,212.5
2022-01-05/18:01:58,22.6,980.2,1245.0,22.824,213.2
2022-01-05/18:01:59,22.6,980.2,1245.0,22.824,213.3
2022-01-05/18:02:01,22.6,980.2,1245.0,22.824,213.3
2022-01-05/18:02:02,22.6,980.2,1245.0,22.824,213.3
2022-01-05/18:02:03,22.6,980.2,1245.0,23.184,213.3
2022-01-05/18:02:04,22.6,980.2,1245.0,23.184,213.3
2022-01-05/18:02:05,22.6,980.2,1245.0,23.184,213.3
2022-01-05/18:02:06,22.6,980.2,1245.0,23.184,213.1
2022-01-05/18:02:08,22.6,980.2,1245.0,23.184,212.9
2022-01-05/18:02:09,22.6,980.2,1253.0,22.8,212.7
2022-01-05/18:02:10,22.6,980.2,1253.0,22.8,213.0
2022-01-05/18:02:11,22.6,980.2,1253.0,22.8,212.7
2022-01-05/18:02:13,22.6,980.2,1253.0,22.8,212.5
2022-01-05/18:02:14,22.6,980.2,1253.0,22.8,212.5
2022-01-05/18:02:15,22.6,980.2,1253.0,23.16,212.8
2022-01-05/18:02:16,22.6,980.2,1253.0,23.16,212.6
2022-01-05/18:02:17,22.6,980.2,1253.0,23.16,213.1
2022-01-05/18:02:18,22.6,980.2,1253.0,23.16,213.2
2022-01-05/18:02:19,22.6,980.2,1253.0,23.16,213.2
2022-01-05/18:02:21,22.6,980.2,1253.0,22.776,212.4
2022-01-05/18:02:22,22.6,980.2,1253.0,22.776,212.4
2022-01-05/18:02:23,22.6,980.2,1253.0,22.776,212.4
2022-01-05/18:02:24,22.6,980.2,1253.0,22.776,212.4
2022-01-05/18:02:25,22.6,980.2,1253.0,22.776,212.4
2022-01-05/18:02:27,22.6,980.2,1253.0,22.728,212.4
2022-01-05/18:02:28,22.6,980.2,1253.0,22.728,212.4
2022-01-05/18:02:29,22.6,980.2,1253.0,22.728,212.4
2022-01-05/18:02:30,22.6,980.2,1253.0,22.728,212.7
2022-01-05/18:02:31,22.6,980.2,1253.0,22.728,212.5
2022-01-05/18:02:32,22.6,980.2,1253.0,23.16,212.5
2022-01-05/18:02:34,22.6,980.2,1253.0,23.16,212.5
2022-01-05/18:02:35,22.6,980.2,1253.0,23.16,212.6
2022-01-05/18:02:36,22.6,980.2,1253.0,23.16,212.4
2022-01-05/18:02:37,22.6,980.2,1253.0,23.16,212.4
2022-01-05/18:02:38,22.62,980.2999,1256.0,23.16,212.5
2022-01-05/18:02:39,22.62,980.2999,1256.0,23.16,212.5
2022-01-05/18:02:41,22.62,980.2999,1256.0,23.16,212.4
2022-01-05/18:02:42,22.62,980.2999,1256.0,23.16,212.4
2022-01-05/18:02:43,22.62,980.2999,1256.0,23.16,212.8
2022-01-05/18:02:44,22.62,980.2999,1256.0,23.256,213.0
2022-01-05/18:02:45,22.62,980.2999,1256.0,23.256,213.3
2022-01-05/18:02:47,22.62,980.2999,1256.0,23.256,213.3
2022-01-05/18:02:48,22.62,980.2999,1256.0,23.256,213.2
2022-01-05/18:02:49,22.62,980.2999,1256.0,23.256,210.6
2022-01-05/18:02:50,22.62,980.2999,1256.0,23.28,210.6
2022-01-05/18:02:51,22.62,980.2999,1256.0,23.28,210.3
2022-01-05/18:02:52,22.62,980.2999,1256.0,23.28,209.7
2022-01-05/18:02:54,22.62,980.2999,1256.0,23.28,209.8
2022-01-05/18:02:55,22.62,980.2999,1256.0,23.28,209.7
2022-01-05/18:02:56,22.64,980.1,1258.0,23.568,209.7
2022-01-05/18:02:57,22.64,980.1,1258.0,23.568,209.7
2022-01-05/18:02:58,22.64,980.1,1258.0,23.568,209.7
2022-01-05/18:02:59,22.64,980.1,1258.0,23.568,209.9
2022-01-05/18:03:01,22.64,980.1,1258.0,23.568,210.4
2022-01-05/18:03:02,22.64,980.1,1258.0,23.232,209.9
2022-01-05/18:03:03,22.64,980.1,1258.0,23.232,209.8
2022-01-05/18:03:04,22.64,980.1,1258.0,23.232,209.9
2022-01-05/18:03:05,22.64,980.1,1258.0,23.232,209.7
2022-01-05/18:03:07,22.64,980.1,1258.0,23.232,209.7
2022-01-05/18:03:08,22.66,980.1,1259.0,23.328,209.7
2022-01-05/18:03:09,22.66,980.1,1259.0,23.328,209.7
2022-01-05/18:03:10,22.66,980.1,1259.0,23.328,209.7
2022-01-05/18:03:11,22.66,980.1,1259.0,23.328,209.7
2022-01-05/18:03:12,22.66,980.1,1259.0,23.328,209.7
2022-01-05/18:03:14,22.66,980.1,1259.0,23.136,209.8
2022-01-05/18:03:15,22.66,980.1,1259.0,23.136,209.7
2022-01-05/18:03:16,22.66,980.1,1259.0,23.136,209.7
2022-01-05/18:03:17,22.66,980.1,1259.0,23.136,209.7
2022-01-05/18:03:18,22.66,980.1,1259.0,23.136,209.7
2022-01-05/18:03:20,22.66,980.1,1259.0,23.136,209.7
2022-01-05/18:03:21,22.66,980.1,1259.0,23.136,209.7
2022-01-05/18:03:22,22.66,980.1,1259.0,23.136,209.7
2022-01-05/18:03:23,22.66,980.1,1259.0,23.136,209.7
2022-01-05/18:03:24,22.66,980.1,1259.0,23.136,209.7
2022-01-05/18:03:25,22.65,980.2,1266.0,22.824,209.7
2022-01-05/18:03:27,22.65,980.2,1266.0,22.824,209.7
2022-01-05/18:03:28,22.65,980.2,1266.0,22.824,209.7
2022-01-05/18:03:29,22.65,980.2,1266.0,22.824,209.7
2022-01-05/18:03:30,22.65,980.2,1266.0,22.824,209.7
2022-01-05/18:03:31,22.65,980.2,1266.0,23.472,209.7
2022-01-05/18:03:32,22.65,980.2,1266.0,23.472,209.7
2022-01-05/18:03:34,22.65,980.2,1266.0,23.472,209.7
2022-01-05/18:03:35,22.65,980.2,1266.0,23.472,209.7
2022-01-05/18:03:36,22.65,980.2,1266.0,23.472,209.7
2022-01-05/18:03:37,22.67,980.0,1268.0,22.776,209.7
2022-01-05/18:03:38,22.67,980.0,1268.0,22.776,209.7
2022-01-05/18:03:40,22.67,980.0,1268.0,22.776,209.7
2022-01-05/18:03:41,22.67,980.0,1268.0,22.776,209.7
2022-01-05/18:03:42,22.67,980.0,1268.0,22.776,209.7
2022-01-05/18:03:43,22.67,980.0,1268.0,23.112,209.7
2022-01-05/18:03:44,22.67,980.0,1268.0,23.112,209.7
2022-01-05/18:03:45,22.67,980.0,1268.0,23.112,209.7
2022-01-05/18:03:47,22.67,980.0,1268.0,23.112,209.7
2022-01-05/18:03:48,22.67,980.0,1268.0,23.112,209.7
2022-01-05/18:03:49,22.67,980.0,1268.0,23.208,209.7
2022-01-05/18:03:50,22.67,980.0,1268.0,23.208,209.9
2022-01-05/18:03:51,22.67,980.0,1268.0,23.208,209.7
2022-01-05/18:03:53,22.67,980.0,1268.0,23.208,209.7
2022-01-05/18:03:54,22.67,980.0,1268.0,23.208,209.7
2022-01-05/18:03:55,22.66,980.1,1273.0,23.112,209.7
2022-01-05/18:03:56,22.66,980.1,1273.0,23.112,209.7
2022-01-05/18:03:57,22.66,980.1,1273.0,23.112,209.7
2022-01-05/18:03:58,22.66,980.1,1273.0,23.112,209.7
2022-01-05/18:04:00,22.66,980.1,1273.0,23.112,209.7
2022-01-05/18:04:01,22.66,980.1,1273.0,23.016,209.7
2022-01-05/18:04:02,22.66,980.1,1273.0,23.016,209.7
2022-01-05/18:04:03,22.66,980.1,1273.0,23.016,209.7
2022-01-05/18:04:04,22.66,980.1,1273.0,23.016,209.7
2022-01-05/18:04:05,22.66,980.1,1273.0,23.016,209.7
2022-01-05/18:04:07,22.66,980.1,1273.0,22.776,209.6
2022-01-05/18:04:08,22.66,980.1,1273.0,22.776,209.1
2022-01-05/18:04:09,22.66,980.1,1273.0,22.776,209.7
2022-01-05/18:04:10,22.66,980.1,1273.0,22.776,209.7
2022-01-05/18:04:11,22.66,980.1,1273.0,22.776,209.7
2022-01-05/18:04:13,22.67,980.1,1269.0,23.52,209.7
2022-01-05/18:04:14,22.67,980.1,1269.0,23.52,209.7
2022-01-05/18:04:15,22.67,980.1,1269.0,23.52,209.7
2022-01-05/18:04:16,22.67,980.1,1269.0,23.52,209.8
2022-01-05/18:04:17,22.67,980.1,1269.0,23.52,209.7
2022-01-05/18:04:18,22.67,980.1,1269.0,23.424,209.7
2022-01-05/18:04:20,22.67,980.1,1269.0,23.424,209.7
2022-01-05/18:04:21,22.67,980.1,1269.0,23.424,209.7
2022-01-05/18:04:22,22.67,980.1,1269.0,23.424,209.7
2022-01-05/18:04:23,22.67,980.1,1269.0,23.424,209.7
2022-01-05/18:04:24,22.66,980.1,1264.0,23.472,209.7
2022-01-05/18:04:25,22.66,980.1,1264.0,23.472,209.7
2022-01-05/18:04:27,22.66,980.1,1264.0,23.472,209.7
2022-01-05/18:04:28,22.66,980.1,1264.0,23.472,209.7
2022-01-05/18:04:29,22.66,980.1,1264.0,23.472,209.7
2022-01-05/18:04:30,22.66,980.1,1264.0,23.208,209.7
2022-01-05/18:04:31,22.66,980.1,1264.0,23.208,209.7
2022-01-05/18:04:33,22.66,980.1,1264.0,23.208,209.7
2022-01-05/18:04:34,22.66,980.1,1264.0,23.208,209.7
2022-01-05/18:04:35,22.66,980.1,1264.0,23.208,209.7
2022-01-05/18:04:36,22.66,980.1,1264.0,23.448,209.7
2022-01-05/18:04:37,22.66,980.1,1264.0,23.448,209.7
2022-01-05/18:04:38,22.66,980.1,1264.0,23.448,209.7
2022-01-05/18:04:40,22.66,980.1,1264.0,23.448,209.7
2022-01-05/18:04:41,22.66,980.1,1264.0,23.448,209.7
2022-01-05/18:04:42,22.66,980.1,1259.0,22.704,209.7
2022-01-05/18:04:43,22.66,980.1,1259.0,22.704,209.7
2022-01-05/18:04:44,22.66,980.1,1259.0,22.704,209.7
2022-01-05/18:04:46,22.66,980.1,1259.0,22.704,209.7
2022-01-05/18:04:47,22.66,980.1,1259.0,22.704,209.7
2022-01-05/18:04:48,22.66,980.1,1259.0,23.304,209.7
2022-01-05/18:04:49,22.66,980.1,1259.0,23.304,209.7
2022-01-05/18:04:50,22.66,980.1,1259.0,23.304,209.7
2022-01-05/18:04:51,22.66,980.1,1259.0,23.304,209.7
2022-01-05/18:04:53,22.66,980.1,1259.0,23.304,209.7
2022-01-05/18:04:54,22.66,980.2,1251.0,23.16,209.7
2022-01-05/18:04:55,22.66,980.2,1251.0,23.16,209.7
2022-01-05/18:04:56,22.66,980.2,1251.0,23.16,209.7
2022-01-05/18:04:57,22.66,980.2,1251.0,23.16,209.7
2022-01-05/18:04:58,22.66,980.2,1251.0,23.16,209.7
2022-01-05/18:05:00,22.66,980.2,1251.0,23.328,209.7
2022-01-05/18:05:01,22.66,980.2,1251.0,23.328,209.7
2022-01-05/18:05:02,22.66,980.2,1251.0,23.328,209.7
2022-01-05/18:05:03,22.66,980.2,1251.0,23.328,209.7
2022-01-05/18:05:04,22.66,980.2,1251.0,23.328,209.7
2022-01-05/18:05:06,22.66,980.2,1251.0,22.848,209.7
2022-01-05/18:05:07,22.66,980.2,1251.0,22.848,209.7
2022-01-05/18:05:08,22.66,980.2,1251.0,22.848,209.7
2022-01-05/18:05:09,22.66,980.2,1251.0,22.848,209.7
2022-01-05/18:05:10,22.66,980.2,1251.0,22.848,209.7
2022-01-05/18:05:11,22.68,980.2,1244.0,22.824,209.7
2022-01-05/18:05:13,22.68,980.2,1244.0,22.824,209.7
2022-01-05/18:05:14,22.68,980.2,1244.0,22.824,209.7
2022-01-05/18:05:15,22.68,980.2,1244.0,22.824,209.7
2022-01-05/18:05:16,22.68,980.2,1244.0,22.824,209.7
2022-01-05/18:05:17,22.68,980.2,1244.0,23.208,209.7
2022-01-05/18:05:18,22.68,980.2,1244.0,23.208,209.7
2022-01-05/18:05:20,22.68,980.2,1244.0,23.208,209.7
2022-01-05/18:05:21,22.68,980.2,1244.0,23.208,209.7
2022-01-05/18:05:22,22.68,980.2,1244.0,23.208,209.7
2022-01-05/18:05:23,22.68,980.0,1244.0,22.848,209.7
2022-01-05/18:05:24,22.68,980.0,1244.0,22.848,209.7
2022-01-05/18:05:26,22.68,980.0,1244.0,22.848,209.7
2022-01-05/18:05:27,22.68,980.0,1244.0,22.848,209.7
2022-01-05/18:05:28,22.68,980.0,1244.0,22.848,210.2
2022-01-05/18:05:29,22.68,980.0,1244.0,23.496,210.5
2022-01-05/18:05:30,22.68,980.0,1244.0,23.496,209.9
2022-01-05/18:05:31,22.68,980.0,1244.0,23.496,209.9
2022-01-05/18:05:33,22.68,980.0,1244.0,23.496,209.8
2022-01-05/18:05:34,22.68,980.0,1244.0,23.496,210.3
2022-01-05/18:05:35,22.68,980.0,1244.0,23.448,210.3
2022-01-05/18:05:36,22.68,980.0,1244.0,23.448,209.9
2022-01-05/18:05:37,22.68,980.0,1244.0,23.448,210.1
2022-01-05/18:05:39,22.68,980.0,1244.0,23.448,210.5
2022-01-05/18:05:40,22.68,980.0,1244.0,23.448,210.3
2022-01-05/18:05:41,22.68,980.1,1248.0,22.728,210.3
2022-01-05/18:05:42,22.68,980.1,1248.0,22.728,210.3
2022-01-05/18:05:43,22.68,980.1,1248.0,22.728,210.1
2022-01-05/18:05:44,22.68,980.1,1248.0,22.728,209.9
2022-01-05/18:05:46,22.68,980.1,1248.0,22.728,209.9
2022-01-05/18:05:47,22.68,980.1,1248.0,22.968,209.7
2022-01-05/18:05:48,22.68,980.1,1248.0,22.968,210.3
2022-01-05/18:05:49,22.68,980.1,1248.0,22.968,210.2
2022-01-05/18:05:50,22.68,980.1,1248.0,22.968,209.9
2022-01-05/18:05:51,22.68,980.1,1248.0,22.968,209.9
2022-01-05/18:05:53,22.7,980.1,1254.0,23.064,210.3
2022-01-05/18:05:54,22.7,980.1,1254.0,23.064,210.1
2022-01-05/18:05:55,22.7,980.1,1254.0,23.064,210.0
2022-01-05/18:05:56,22.7,980.1,1254.0,23.064,210.6
2022-01-05/18:05:57,22.7,980.1,1254.0,23.064,210.6
2022-01-05/18:05:59,22.7,980.1,1254.0,23.112,210.6
2022-01-05/18:06:00,22.7,980.1,1254.0,23.112,210.6
2022-01-05/18:06:01,22.7,980.1,1254.0,23.112,210.6
2022-01-05/18:06:02,22.7,980.1,1254.0,23.112,210.5
2022-01-05/18:06:03,22.7,980.1,1254.0,23.112,210.5
2022-01-05/18:06:04,22.7,980.1,1254.0,23.28,210.4
2022-01-05/18:06:06,22.7,980.1,1254.0,23.28,210.6
2022-01-05/18:06:07,22.7,980.1,1254.0,23.28,210.6
2022-01-05/18:06:08,22.7,980.1,1254.0,23.28,210.5
2022-01-05/18:06:09,22.7,980.1,1254.0,23.28,210.6
2022-01-05/18:06:10,22.68,980.1,1257.0,22.512,210.6
2022-01-05/18:06:12,22.68,980.1,1257.0,22.512,210.5
2022-01-05/18:06:13,22.68,980.1,1257.0,22.512,210.5
2022-01-05/18:06:14,22.68,980.1,1257.0,22.512,210.6
2022-01-05/18:06:15,22.68,980.1,1257.0,22.512,210.5
2022-01-05/18:06:16,22.68,980.1,1257.0,23.064,210.6
2022-01-05/18:06:17,22.68,980.1,1257.0,23.064,210.6
2022-01-05/18:06:19,22.68,980.1,1257.0,23.064,210.6
2022-01-05/18:06:20,22.68,980.1,1257.0,23.064,210.5
2022-01-05/18:06:21,22.68,980.1,1257.0,23.064,210.5
2022-01-05/18:06:22,22.68,980.1,1257.0,22.632,210.3
2022-01-05/18:06:23,22.68,980.1,1257.0,22.632,210.5
2022-01-05/18:06:24,22.68,980.1,1257.0,22.632,210.6
2022-01-05/18:06:26,22.68,980.1,1257.0,22.632,210.6
2022-01-05/18:06:27,22.68,980.1,1257.0,22.632,210.6
2022-01-05/18:06:28,22.71,980.1,1258.0,23.544,210.6
2022-01-05/18:06:29,22.71,980.1,1258.0,23.544,210.5
2022-01-05/18:06:30,22.71,980.1,1258.0,23.544,210.5
2022-01-05/18:06:32,22.71,980.1,1258.0,23.544,210.4
2022-01-05/18:06:33,22.71,980.1,1258.0,23.544,210.3
2022-01-05/18:06:34,22.71,980.1,1258.0,23.136,210.5
2022-01-05/18:06:35,22.71,980.1,1258.0,23.136,210.5
2022-01-05/18:06:36,22.71,980.1,1258.0,23.136,210.5
2022-01-05/18:06:37,22.71,980.1,1258.0,23.136,209.8
2022-01-05/18:06:39,22.71,980.1,1258.0,23.136,210.0
2022-01-05/18:06:40,22.72,980.1,1252.0,22.896,210.3
2022-01-05/18:06:41,22.72,980.1,1252.0,22.896,210.4
2022-01-05/18:06:42,22.72,980.1,1252.0,22.896,210.5
2022-01-05/18:06:43,22.72,980.1,1252.0,22.896,210.2
2022-01-05/18:06:44,22.72,980.1,1252.0,22.896,210.5
2022-01-05/18:06:46,22.72,980.1,1252.0,23.664,210.3
2022-01-05/18:06:47,22.72,980.1,1252.0,23.664,210.6
2022-01-05/18:06:48,22.72,980.1,1252.0,23.664,210.3
2022-01-05/18:06:49,22.72,980.1,1252.0,23.664,210.3
2022-01-05/18:06:50,22.72,980.1,1252.0,23.664,210.4
2022-01-05/18:06:52,22.72,980.1,1252.0,23.28,210.6
2022-01-05/18:06:53,22.72,980.1,1252.0,23.28,210.5
2022-01-05/18:06:54,22.72,980.1,1252.0,23.28,210.6
2022-01-05/18:06:55,22.72,980.1,1252.0,23.28,210.6
2022-01-05/18:06:56,22.72,980.1,1252.0,23.28,210.4
2022-01-05/18:06:57,22.75,980.2,1263.0,22.944,210.1
2022-01-05/18:06:59,22.75,980.2,1263.0,22.944,210.5
2022-01-05/18:07:00,22.75,980.2,1263.0,22.944,210.5
2022-01-05/18:07:01,22.75,980.2,1263.0,22.944,210.4
2022-01-05/18:07:02,22.75,980.2,1263.0,22.944,210.4
2022-01-05/18:07:03,22.75,980.2,1263.0,23.184,210.3
2022-01-05/18:07:05,22.75,980.2,1263.0,23.184,210.4
2022-01-05/18:07:06,22.75,980.2,1263.0,23.184,210.5
2022-01-05/18:07:07,22.75,980.2,1263.0,23.184,210.6
2022-01-05/18:07:08,22.75,980.2,1263.0,23.184,210.6
2022-01-05/18:07:09,22.73,980.2,1272.0,22.632,210.6
2022-01-05/18:07:10,22.73,980.2,1272.0,22.632,210.6
2022-01-05/18:07:12,22.73,980.2,1272.0,22.632,210.6
2022-01-05/18:07:13,22.73,980.2,1272.0,22.632,210.6
2022-01-05/18:07:14,22.73,980.2,1272.0,22.632,210.6
2022-01-05/18:07:15,22.73,980.2,1272.0,23.256,210.6
2022-01-05/18:07:16,22.73,980.2,1272.0,23.256,210.5
2022-01-05/18:07:17,22.73,980.2,1272.0,23.256,210.3
2022-01-05/18:07:19,22.73,980.2,1272.0,23.256,210.6
2022-01-05/18:07:20,22.73,980.2,1272.0,23.256,210.6
2022-01-05/18:07:21,22.73,980.2,1272.0,23.256,210.6
2022-01-05/18:07:22,22.73,980.2,1272.0,23.256,210.6
2022-01-05/18:07:23,22.73,980.2,1272.0,23.256,210.6
2022-01-05/18:07:25,22.73,980.2,1272.0,23.256,210.6
2022-01-05/18:07:26,22.73,980.2,1272.0,23.256,210.6
2022-01-05/18:07:27,22.73,980.1,1280.0,23.088,210.6
2022-01-05/18:07:28,22.73,980.1,1280.0,23.088,210.6
2022-01-05/18:07:29,22.73,980.1,1280.0,23.088,210.6
2022-01-05/18:07:30,22.73,980.1,1280.0,23.088,210.6
2022-01-05/18:07:32,22.73,980.1,1280.0,23.088,210.6
2022-01-05/18:07:33,22.73,980.1,1280.0,23.424,210.6
2022-01-05/18:07:34,22.73,980.1,1280.0,23.424,210.6
2022-01-05/18:07:35,22.73,980.1,1280.0,23.424,210.6
2022-01-05/18:07:36,22.73,980.1,1280.0,23.424,210.6
2022-01-05/18:07:37,22.73,980.1,1280.0,23.424,210.3
2022-01-05/18:07:39,22.72,980.2,1282.0,23.184,210.6
2022-01-05/18:07:40,22.72,980.2,1282.0,23.184,210.1
2022-01-05/18:07:41,22.72,980.2,1282.0,23.184,209.6
2022-01-05/18:07:42,22.72,980.2,1282.0,23.184,210.2
2022-01-05/18:07:43,22.72,980.2,1282.0,23.184,210.6
2022-01-05/18:07:45,22.72,980.2,1282.0,24.84,210.2
2022-01-05/18:07:46,22.72,980.2,1282.0,24.84,210.1
2022-01-05/18:07:47,22.72,980.2,1282.0,24.84,209.9
2022-01-05/18:07:48,22.72,980.2,1282.0,24.84,210.3
2022-01-05/18:07:49,22.72,980.2,1282.0,24.84,210.3
2022-01-05/18:07:51,22.72,980.2,1282.0,23.16,210.4
2022-01-05/18:07:52,22.72,980.2,1282.0,23.16,210.1
2022-01-05/18:07:53,22.72,980.2,1282.0,23.16,210.3
2022-01-05/18:07:54,22.72,980.2,1282.0,23.16,210.3
2022-01-05/18:07:55,22.72,980.2,1282.0,23.16,210.5
2022-01-05/18:07:56,22.71,980.1,1284.0,23.016,210.6
2022-01-05/18:07:58,22.71,980.1,1284.0,23.016,210.6
2022-01-05/18:07:59,22.71,980.1,1284.0,23.016,210.6
2022-01-05/18:08:00,22.71,980.1,1284.0,23.016,210.6
2022-01-05/18:08:01,22.71,980.1,1284.0,23.016,210.3
2022-01-05/18:08:02,22.71,980.1,1284.0,23.256,209.7
2022-01-05/18:08:03,22.71,980.1,1284.0,23.256,210.5
2022-01-05/18:08:05,22.71,980.1,1284.0,23.256,210.9
2022-01-05/18:08:06,22.71,980.1,1284.0,23.256,210.6
2022-01-05/18:08:07,22.71,980.1,1284.0,23.256,210.6
2022-01-05/18:08:08,22.72,980.1,1283.0,23.016,210.6
2022-01-05/18:08:09,22.72,980.1,1283.0,23.016,210.6
2022-01-05/18:08:10,22.72,980.1,1283.0,23.016,210.6
2022-01-05/18:08:12,22.72,980.1,1283.0,23.016,210.6
2022-01-05/18:08:13,22.72,980.1,1283.0,23.016,210.6
2022-01-05/18:08:14,22.72,980.1,1283.0,23.28,210.6
2022-01-05/18:08:15,22.72,980.1,1283.0,23.28,210.4
2022-01-05/18:08:16,22.72,980.1,1283.0,23.28,210.5
2022-01-05/18:08:18,22.72,980.1,1283.0,23.28,210.6
2022-01-05/18:08:19,22.72,980.1,1283.0,23.28,210.6
2022-01-05/18:08:20,22.72,980.1,1283.0,23.136,210.5
2022-01-05/18:08:21,22.72,980.1,1283.0,23.136,210.5
2022-01-05/18:08:22,22.72,980.1,1283.0,23.136,210.6
2022-01-05/18:08:23,22.72,980.1,1283.0,23.136,210.6
2022-01-05/18:08:25,22.72,980.1,1283.0,23.136,210.6
2022-01-05/18:08:26,22.71,980.1,1287.0,22.68,210.6
2022-01-05/18:08:27,22.71,980.1,1287.0,22.68,210.6
2022-01-05/18:08:28,22.71,980.1,1287.0,22.68,210.6
2022-01-05/18:08:29,22.71,980.1,1287.0,22.68,210.6
2022-01-05/18:08:30,22.71,980.1,1287.0,22.68,210.6
2022-01-05/18:08:32,22.71,980.1,1287.0,22.992,210.6
2022-01-05/18:08:33,22.71,980.1,1287.0,22.992,210.1
2022-01-05/18:08:34,22.71,980.1,1287.0,22.992,209.7
2022-01-05/18:08:35,22.71,980.1,1287.0,22.992,209.7
2022-01-05/18:08:36,22.71,980.1,1287.0,22.992,209.7
2022-01-05/18:08:38,22.73,980.2,1288.0,23.064,209.7
2022-01-05/18:08:39,22.73,980.2,1288.0,23.064,209.7
2022-01-05/18:08:40,22.73,980.2,1288.0,23.064,209.7
2022-01-05/18:08:41,22.73,980.2,1288.0,23.064,209.7
2022-01-05/18:08:42,22.73,980.2,1288.0,23.064,209.7
2022-01-05/18:08:43,22.73,980.2,1288.0,23.184,209.7
2022-01-05/18:08:45,22.73,980.2,1288.0,23.184,209.7
2022-01-05/18:08:46,22.73,980.2,1288.0,23.184,209.8
2022-01-05/18:08:47,22.73,980.2,1288.0,23.184,210.4
2022-01-05/18:08:48,22.73,980.2,1288.0,23.184,210.6
2022-01-05/18:08:49,22.73,980.2,1288.0,23.328,210.6
2022-01-05/18:08:51,22.73,980.2,1288.0,23.328,210.6
2022-01-05/18:08:52,22.73,980.2,1288.0,23.328,210.6
2022-01-05/18:08:53,22.73,980.2,1288.0,23.328,210.6
2022-01-05/18:08:54,22.73,980.2,1288.0,23.328,210.6
2022-01-05/18:08:55,22.71,980.2,1292.0,23.208,210.6
2022-01-05/18:08:56,22.71,980.2,1292.0,23.208,210.6
2022-01-05/18:08:58,22.71,980.2,1292.0,23.208,210.6
2022-01-05/18:08:59,22.71,980.2,1292.0,23.208,210.6
2022-01-05/18:09:00,22.71,980.2,1292.0,23.208,210.6
2022-01-05/18:09:01,22.71,980.2,1292.0,23.352,210.6
2022-01-05/18:09:02,22.71,980.2,1292.0,23.352,210.6
2022-01-05/18:09:03,22.71,980.2,1292.0,23.352,212.0
2022-01-05/18:09:05,22.71,980.2,1292.0,23.352,212.4
2022-01-05/18:09:06,22.71,980.2,1292.0,23.352,212.4
2022-01-05/18:09:07,22.71,980.2,1292.0,22.464,212.4
2022-01-05/18:09:08,22.71,980.2,1292.0,22.464,212.4
2022-01-05/18:09:09,22.71,980.2,1292.0,22.464,212.4
2022-01-05/18:09:11,22.71,980.2,1292.0,22.464,212.4
2022-01-05/18:09:12,22.71,980.2,1292.0,22.464,212.4
2022-01-05/18:09:13,22.73,980.2,1295.0,23.544,212.4
2022-01-05/18:09:14,22.73,980.2,1295.0,23.544,212.4
2022-01-05/18:09:15,22.73,980.2,1295.0,23.544,212.4
2022-01-05/18:09:16,22.73,980.2,1295.0,23.544,212.4
2022-01-05/18:09:18,22.73,980.2,1295.0,23.544,212.4
2022-01-05/18:09:19,22.73,980.2,1295.0,23.304,212.4
2022-01-05/18:09:20,22.73,980.2,1295.0,23.304,212.4
2022-01-05/18:09:21,22.73,980.2,1295.0,23.304,212.4
2022-01-05/18:09:22,22.73,980.2,1295.0,23.304,212.5
2022-01-05/18:09:24,22.73,980.2,1295.0,23.304,213.2
2022-01-05/18:09:25,22.71,980.2999,1298.0,22.656,213.1
2022-01-05/18:09:26,22.71,980.2999,1298.0,22.656,212.4
2022-01-05/18:09:27,22.71,980.2999,1298.0,22.656,211.5
2022-01-05/18:09:28,22.71,980.2999,1298.0,22.656,211.5
2022-01-05/18:09:29,22.71,980.2999,1298.0,22.656,211.5
2022-01-05/18:09:31,22.71,980.2999,1298.0,22.872,211.3
2022-01-05/18:09:32,22.71,980.2999,1298.0,22.872,210.9
2022-01-05/18:09:33,22.71,980.2999,1298.0,22.872,211.5
2022-01-05/18:09:34,22.71,980.2999,1298.0,22.872,211.5
2022-01-05/18:09:35,22.71,980.2999,1298.0,22.872,211.5
2022-01-05/18:09:36,22.71,980.2999,1298.0,23.304,211.5
2022-01-05/18:09:38,22.71,980.2999,1298.0,23.304,211.5
2022-01-05/18:09:39,22.71,980.2999,1298.0,23.304,211.5
2022-01-05/18:09:40,22.71,980.2999,1298.0,23.304,211.5
2022-01-05/18:09:41,22.71,980.2999,1298.0,23.304,211.5
2022-01-05/18:09:42,22.74,980.2,1303.0,23.112,211.5
2022-01-05/18:09:44,22.74,980.2,1303.0,23.112,211.5
2022-01-05/18:09:45,22.74,980.2,1303.0,23.112,211.5
2022-01-05/18:09:46,22.74,980.2,1303.0,23.112,211.5
2022-01-05/18:09:47,22.74,980.2,1303.0,23.112,211.5
2022-01-05/18:09:48,22.74,980.2,1303.0,23.424,211.5
2022-01-05/18:09:49,22.74,980.2,1303.0,23.424,211.5
2022-01-05/18:09:51,22.74,980.2,1303.0,23.424,211.5
2022-01-05/18:09:52,22.74,980.2,1303.0,23.424,211.5
2022-01-05/18:09:53,22.74,980.2,1303.0,23.424,212.3
2022-01-05/18:09:54,22.72,980.2,1307.0,23.16,211.6
2022-01-05/18:09:55,22.72,980.2,1307.0,23.16,211.5
2022-01-05/18:09:57,22.72,980.2,1307.0,23.16,211.5
2022-01-05/18:09:58,22.72,980.2,1307.0,23.16,211.5
2022-01-05/18:09:59,22.72,980.2,1307.0,23.16,211.5
2022-01-05/18:10:00,22.72,980.2,1307.0,22.968,211.5
2022-01-05/18:10:01,22.72,980.2,1307.0,22.968,211.5
2022-01-05/18:10:02,22.72,980.2,1307.0,22.968,211.5
2022-01-05/18:10:04,22.72,980.2,1307.0,22.968,211.5
2022-01-05/18:10:05,22.72,980.2,1307.0,22.968,211.5
2022-01-05/18:10:06,22.72,980.2,1307.0,23.04,211.5
2022-01-05/18:10:07,22.72,980.2,1307.0,23.04,211.5
2022-01-05/18:10:08,22.72,980.2,1307.0,23.04,212.1
2022-01-05/18:10:09,22.72,980.2,1307.0,23.04,211.5
2022-01-05/18:10:11,22.72,980.2,1307.0,23.04,211.5
2022-01-05/18:10:12,22.73,980.2,1314.0,23.016,211.5
2022-01-05/18:10:13,22.73,980.2,1314.0,23.016,211.5
2022-01-05/18:10:14,22.73,980.2,1314.0,23.016,211.5
2022-01-05/18:10:15,22.73,980.2,1314.0,23.016,211.5
2022-01-05/18:10:17,22.73,980.2,1314.0,23.016,211.5
2022-01-05/18:10:18,22.73,980.2,1314.0,23.136,211.5
2022-01-05/18:10:19,22.73,980.2,1314.0,23.136,211.5
2022-01-05/18:10:20,22.73,980.2,1314.0,23.136,211.5
2022-01-05/18:10:21,22.73,980.2,1314.0,23.136,211.5
2022-01-05/18:10:22,22.73,980.2,1314.0,23.136,211.5
2022-01-05/18:10:24,22.74,980.2,1322.0,22.512,211.5
2022-01-05/18:10:25,22.74,980.2,1322.0,22.512,211.5
2022-01-05/18:10:26,22.74,980.2,1322.0,22.512,211.5
2022-01-05/18:10:27,22.74,980.2,1322.0,22.512,211.5
2022-01-05/18:10:28,22.74,980.2,1322.0,22.512,211.5
2022-01-05/18:10:30,22.74,980.2,1322.0,22.92,211.5
2022-01-05/18:10:31,22.74,980.2,1322.0,22.92,211.5
2022-01-05/18:10:32,22.74,980.2,1322.0,22.92,211.5
2022-01-05/18:10:33,22.74,980.2,1322.0,22.92,211.5
2022-01-05/18:10:34,22.74,980.2,1322.0,22.92,211.5
2022-01-05/18:10:35,22.74,980.2,1322.0,23.112,211.5
2022-01-05/18:10:37,22.74,980.2,1322.0,23.112,211.5
2022-01-05/18:10:38,22.74,980.2,1322.0,23.112,211.5
2022-01-05/18:10:39,22.74,980.2,1322.0,23.112,211.5
2022-01-05/18:10:40,22.74,980.2,1322.0,23.112,211.5
2022-01-05/18:10:41,22.74,980.1,1323.0,23.088,211.5
2022-01-05/18:10:42,22.74,980.1,1323.0,23.088,211.5
2022-01-05/18:10:44,22.74,980.1,1323.0,23.088,211.5
2022-01-05/18:10:45,22.74,980.1,1323.0,23.088,211.5
2022-01-05/18:10:46,22.74,980.1,1323.0,23.088,211.9
2022-01-05/18:10:47,22.74,980.1,1323.0,23.376,211.5
2022-01-05/18:10:48,22.74,980.1,1323.0,23.376,211.6
2022-01-05/18:10:50,22.74,980.1,1323.0,23.376,211.5
2022-01-05/18:10:51,22.74,980.1,1323.0,23.376,211.5
2022-01-05/18:10:52,22.74,980.1,1323.0,23.376,211.5
2022-01-05/18:10:53,22.74,980.1,1326.0,22.992,211.7
2022-01-05/18:10:54,22.74,980.1,1326.0,22.992,211.9
2022-01-05/18:10:55,22.74,980.1,1326.0,22.992,211.5
2022-01-05/18:10:57,22.74,980.1,1326.0,22.992,211.5
2022-01-05/18:10:58,22.74,980.1,1326.0,22.992,211.5
2022-01-05/18:10:59,22.74,980.1,1326.0,23.4,211.5
2022-01-05/18:11:00,22.74,980.1,1326.0,23.4,211.5
2022-01-05/18:11:01,22.74,980.1,1326.0,23.4,211.5
2022-01-05/18:11:03,22.74,980.1,1326.0,23.4,211.5
2022-01-05/18:11:04,22.74,980.1,1326.0,23.4,211.5
2022-01-05/18:11:05,22.74,980.1,1326.0,23.184,211.5
2022-01-05/18:11:06,22.74,980.1,1326.0,23.184,211.5
2022-01-05/18:11:07,22.74,980.1,1326.0,23.184,211.5
2022-01-05/18:11:08,22.74,980.1,1326.0,23.184,211.5
2022-01-05/18:11:10,22.74,980.1,1326.0,23.184,211.5
2022-01-05/18:11:11,22.74,980.2,1322.0,22.992,211.5
2022-01-05/18:11:12,22.74,980.2,1322.0,22.992,211.7
2022-01-05/18:11:13,22.74,980.2,1322.0,22.992,211.1
2022-01-05/18:11:14,22.74,980.2,1322.0,22.992,211.1
2022-01-05/18:11:15,22.74,980.2,1322.0,22.992,211.4
2022-01-05/18:11:17,22.74,980.2,1322.0,24.048,211.5
2022-01-05/18:11:18,22.74,980.2,1322.0,24.048,211.5
2022-01-05/18:11:19,22.74,980.2,1322.0,24.048,211.5
2022-01-05/18:11:20,22.74,980.2,1322.0,24.048,211.5
2022-01-05/18:11:21,22.74,980.2,1322.0,24.048,211.5
2022-01-05/18:11:23,22.75,980.2,1334.0,23.112,211.5
2022-01-05/18:11:24,22.75,980.2,1334.0,23.112,211.5
2022-01-05/18:11:25,22.75,980.2,1334.0,23.112,211.5
2022-01-05/18:11:26,22.75,980.2,1334.0,23.112,211.5
2022-01-05/18:11:27,22.75,980.2,1334.0,23.112,211.5
2022-01-05/18:11:28,22.75,980.2,1334.0,22.752,211.5
2022-01-05/18:11:30,22.75,980.2,1334.0,22.752,211.5
2022-01-05/18:11:31,22.75,980.2,1334.0,22.752,211.5
2022-01-05/18:11:32,22.75,980.2,1334.0,22.752,211.5
2022-01-05/18:11:33,22.75,980.2,1334.0,22.752,211.5
2022-01-05/18:11:34,22.75,980.2,1334.0,23.424,211.5
2022-01-05/18:11:36,22.75,980.2,1334.0,23.424,211.5
2022-01-05/18:11:37,22.75,980.2,1334.0,23.424,211.5
2022-01-05/18:11:38,22.75,980.2,1334.0,23.424,211.5
2022-01-05/18:11:39,22.75,980.2,1334.0,23.424,211.5
2022-01-05/18:11:40,22.74,980.1,1351.0,22.32,211.5
2022-01-05/18:11:41,22.74,980.1,1351.0,22.32,211.5
2022-01-05/18:11:43,22.74,980.1,1351.0,22.32,211.5
2022-01-05/18:11:44,22.74,980.1,1351.0,22.32,211.5
2022-01-05/18:11:45,22.74,980.1,1351.0,22.32,211.5
2022-01-05/18:11:46,22.74,980.1,1351.0,23.352,211.5
2022-01-05/18:11:47,22.74,980.1,1351.0,23.352,211.5
2022-01-05/18:11:48,22.74,980.1,1351.0,23.352,211.5
2022-01-05/18:11:50,22.74,980.1,1351.0,23.352,211.5
2022-01-05/18:11:51,22.74,980.1,1351.0,23.352,211.5
2022-01-05/18:11:52,22.74,980.1,1351.0,22.44,211.5
2022-01-05/18:11:53,22.74,980.1,1351.0,22.44,211.5
2022-01-05/18:11:54,22.74,980.1,1351.0,22.44,211.5
2022-01-05/18:11:56,22.74,980.1,1351.0,22.44,211.5
2022-01-05/18:11:57,22.74,980.1,1351.0,22.44,211.5
2022-01-05/18:11:58,22.75,980.0,1360.0,23.976,211.5
2022-01-05/18:11:59,22.75,980.0,1360.0,23.976,211.5
2022-01-05/18:12:00,22.75,980.0,1360.0,23.976,211.5
2022-01-05/18:12:01,22.75,980.0,1360.0,23.976,211.5
2022-01-05/18:12:03,22.75,980.0,1360.0,23.976,211.5
2022-01-05/18:12:04,22.75,980.0,1360.0,23.496,211.5
2022-01-05/18:12:05,22.75,980.0,1360.0,23.496,211.5
2022-01-05/18:12:06,22.75,980.0,1360.0,23.496,211.5
2022-01-05/18:12:07,22.75,980.0,1360.0,23.496,211.5
2022-01-05/18:12:09,22.75,980.0,1360.0,23.496,211.5
2022-01-05/18:12:10,22.74,980.1,1362.0,22.992,211.5
2022-01-05/18:12:11,22.74,980.1,1362.0,22.992,211.5
2022-01-05/18:12:12,22.74,980.1,1362.0,22.992,211.5
2022-01-05/18:12:13,22.74,980.1,1362.0,22.992,211.5
2022-01-05/18:12:14,22.74,980.1,1362.0,22.992,211.5
2022-01-05/18:12:16,22.74,980.1,1362.0,22.872,211.5
2022-01-05/18:12:17,22.74,980.1,1362.0,22.872,211.5
2022-01-05/18:12:18,22.74,980.1,1362.0,22.872,211.5
2022-01-05/18:12:19,22.74,980.1,1362.0,22.872,211.5
2022-01-05/18:12:20,22.74,980.1,1362.0,22.872,211.5
2022-01-05/18:12:21,22.74,980.1,1362.0,23.016,211.5
2022-01-05/18:12:23,22.74,980.1,1362.0,23.016,211.5
2022-01-05/18:12:24,22.74,980.1,1362.0,23.016,211.5
2022-01-05/18:12:25,22.74,980.1,1362.0,23.016,211.5
2022-01-05/18:12:26,22.74,980.1,1362.0,23.016,211.5
2022-01-05/18:12:27,22.75,980.2,1367.0,23.088,211.5
2022-01-05/18:12:29,22.75,980.2,1367.0,23.088,211.5
2022-01-05/18:12:30,22.75,980.2,1367.0,23.088,211.5
2022-01-05/18:12:31,22.75,980.2,1367.0,23.088,211.5
2022-01-05/18:12:32,22.75,980.2,1367.0,23.088,211.5
2022-01-05/18:12:33,22.75,980.2,1367.0,23.352,211.5
2022-01-05/18:12:34,22.75,980.2,1367.0,23.352,211.5
2022-01-05/18:12:36,22.75,980.2,1367.0,23.352,211.5
2022-01-05/18:12:37,22.75,980.2,1367.0,23.352,211.5
2022-01-05/18:12:38,22.75,980.2,1367.0,23.352,211.5
2022-01-05/18:12:39,22.74,980.2,1368.0,22.776,211.5
2022-01-05/18:12:40,22.74,980.2,1368.0,22.776,211.5
2022-01-05/18:12:42,22.74,980.2,1368.0,22.776,211.5
2022-01-05/18:12:43,22.74,980.2,1368.0,22.776,211.5
2022-01-05/18:12:44,22.74,980.2,1368.0,22.776,211.5
2022-01-05/18:12:45,22.74,980.2,1368.0,23.208,211.5
2022-01-05/18:12:46,22.74,980.2,1368.0,23.208,211.5
2022-01-05/18:12:47,22.74,980.2,1368.0,23.208,211.5
2022-01-05/18:12:49,22.74,980.2,1368.0,23.208,211.5
2022-01-05/18:12:50,22.74,980.2,1368.0,23.208,211.5
2022-01-05/18:12:51,22.74,980.2,1368.0,23.112,211.5
2022-01-05/18:12:52,22.74,980.2,1368.0,23.112,211.4
2022-01-05/18:12:53,22.74,980.2,1368.0,23.112,211.5
2022-01-05/18:12:54,22.74,980.2,1368.0,23.112,211.5
2022-01-05/18:12:56,22.74,980.2,1368.0,23.112,211.5
2022-01-05/18:12:57,22.74,980.2,1372.0,23.232,211.5
2022-01-05/18:12:58,22.74,980.2,1372.0,23.232,211.5
2022-01-05/18:12:59,22.74,980.2,1372.0,23.232,211.5
2022-01-05/18:13:00,22.74,980.2,1372.0,23.232,211.5
2022-01-05/18:13:02,22.74,980.2,1372.0,23.232,211.5
2022-01-05/18:13:03,22.74,980.2,1372.0,23.688,211.5
2022-01-05/18:13:04,22.74,980.2,1372.0,23.688,211.5
2022-01-05/18:13:05,22.74,980.2,1372.0,23.688,211.5
2022-01-05/18:13:06,22.74,980.2,1372.0,23.688,211.5
2022-01-05/18:13:07,22.74,980.2,1372.0,23.688,211.5
2022-01-05/18:13:09,22.74,980.2,1369.0,22.68,211.5
2022-01-05/18:13:10,22.74,980.2,1369.0,22.68,211.5
2022-01-05/18:13:11,22.74,980.2,1369.0,22.68,211.5
2022-01-05/18:13:12,22.74,980.2,1369.0,22.68,211.5
2022-01-05/18:13:13,22.74,980.2,1369.0,22.68,211.5
2022-01-05/18:13:15,22.74,980.2,1369.0,23.184,211.5
2022-01-05/18:13:16,22.74,980.2,1369.0,23.184,211.5
2022-01-05/18:13:17,22.74,980.2,1369.0,23.184,211.5
2022-01-05/18:13:18,22.74,980.2,1369.0,23.184,211.5
2022-01-05/18:13:19,22.74,980.2,1369.0,23.184,211.5
2022-01-05/18:13:20,22.74,980.2,1369.0,23.064,211.5
2022-01-05/18:13:22,22.74,980.2,1369.0,23.064,211.5
2022-01-05/18:13:23,22.74,980.2,1369.0,23.064,211.5
2022-01-05/18:13:24,22.74,980.2,1369.0,23.064,211.5
2022-01-05/18:13:25,22.74,980.2,1369.0,23.064,211.5
2022-01-05/18:13:26,22.74,980.2999,1366.0,22.752,211.5
2022-01-05/18:13:27,22.74,980.2999,1366.0,22.752,211.5
2022-01-05/18:13:29,22.74,980.2999,1366.0,22.752,211.5
2022-01-05/18:13:30,22.74,980.2999,1366.0,22.752,211.5
2022-01-05/18:13:31,22.74,980.2999,1366.0,22.752,211.5
2022-01-05/18:13:32,22.74,980.2999,1366.0,22.944,211.5
2022-01-05/18:13:33,22.74,980.2999,1366.0,22.944,211.5
2022-01-05/18:13:35,22.74,980.2999,1366.0,22.944,211.5
2022-01-05/18:13:36,22.74,980.2999,1366.0,22.944,211.5
2022-01-05/18:13:37,22.74,980.2999,1366.0,22.944,211.5
2022-01-05/18:13:38,22.75,980.2999,1366.0,23.016,211.5
2022-01-05/18:13:39,22.75,980.2999,1366.0,23.016,211.5
2022-01-05/18:13:40,22.75,980.2999,1366.0,23.016,211.5
2022-01-05/18:13:42,22.75,980.2999,1366.0,23.016,211.5
2022-01-05/18:13:43,22.75,980.2999,1366.0,23.016,211.5
2022-01-05/18:13:44,22.75,980.2999,1366.0,23.352,211.5
2022-01-05/18:13:45,22.75,980.2999,1366.0,23.352,211.5
2022-01-05/18:13:46,22.75,980.2999,1366.0,23.352,211.5
2022-01-05/18:13:48,22.75,980.2999,1366.0,23.352,211.8
2022-01-05/18:13:49,22.75,980.2999,1366.0,23.352,211.8
2022-01-05/18:13:50,22.75,980.2999,1366.0,23.4,211.7
2022-01-05/18:13:51,22.75,980.2999,1366.0,23.4,210.7
2022-01-05/18:13:52,22.75,980.2999,1366.0,23.4,211.4
2022-01-05/18:13:53,22.75,980.2999,1366.0,23.4,211.5
2022-01-05/18:13:55,22.75,980.2999,1366.0,23.4,211.7
2022-01-05/18:13:56,22.74,980.2,1368.0,24.12,211.5
2022-01-05/18:13:57,22.74,980.2,1368.0,24.12,211.6
2022-01-05/18:13:58,22.74,980.2,1368.0,24.12,211.5
2022-01-05/18:13:59,22.74,980.2,1368.0,24.12,211.5
2022-01-05/18:14:00,22.74,980.2,1368.0,24.12,211.5
2022-01-05/18:14:02,22.74,980.2,1368.0,23.04,211.5
2022-01-05/18:14:03,22.74,980.2,1368.0,23.04,211.5
2022-01-05/18:14:04,22.74,980.2,1368.0,23.04,212.3
2022-01-05/18:14:05,22.74,980.2,1368.0,23.04,212.0
2022-01-05/18:14:06,22.74,980.2,1368.0,23.04,211.5
2022-01-05/18:14:08,22.75,980.1,1368.0,23.592,212.0
2022-01-05/18:14:09,22.75,980.1,1368.0,23.592,211.8
2022-01-05/18:14:10,22.75,980.1,1368.0,23.592,211.8
2022-01-05/18:14:11,22.75,980.1,1368.0,23.592,211.8
2022-01-05/18:14:12,22.75,980.1,1368.0,23.592,211.8
2022-01-05/18:14:13,22.75,980.1,1368.0,23.04,211.5
2022-01-05/18:14:15,22.75,980.1,1368.0,23.04,211.5
2022-01-05/18:14:16,22.75,980.1,1368.0,23.04,211.5
2022-01-05/18:14:17,22.75,980.1,1368.0,23.04,211.5
2022-01-05/18:14:18,22.75,980.1,1368.0,23.04,211.5
2022-01-05/18:14:19,22.75,980.1,1368.0,23.208,211.5
2022-01-05/18:14:21,22.75,980.1,1368.0,23.208,211.5
2022-01-05/18:14:22,22.75,980.1,1368.0,23.208,211.9
2022-01-05/18:14:23,22.75,980.1,1368.0,23.208,212.3
2022-01-05/18:14:24,22.75,980.1,1368.0,23.208,212.1
2022-01-05/18:14:25,22.74,980.2,1368.0,22.848,211.9
2022-01-05/18:14:26,22.74,980.2,1368.0,22.848,211.9
2022-01-05/18:14:28,22.74,980.2,1368.0,22.848,211.9
2022-01-05/18:14:29,22.74,980.2,1368.0,22.848,211.5
2022-01-05/18:14:30,22.74,980.2,1368.0,22.848,211.5
2022-01-05/18:14:31,22.74,980.2,1368.0,23.16,211.5
2022-01-05/18:14:32,22.74,980.2,1368.0,23.16,211.5
2022-01-05/18:14:33,22.74,980.2,1368.0,23.16,211.5
2022-01-05/18:14:35,22.74,980.2,1368.0,23.16,211.6
2022-01-05/18:14:36,22.74,980.2,1368.0,23.16,211.5
2022-01-05/18:14:37,22.74,980.2,1368.0,22.68,211.5
2022-01-05/18:14:38,22.74,980.2,1368.0,22.68,211.5
2022-01-05/18:14:39,22.74,980.2,1368.0,22.68,211.5
2022-01-05/18:14:41,22.74,980.2,1368.0,22.68,211.5
2022-01-05/18:14:42,22.74,980.2,1368.0,22.68,211.5
2022-01-05/18:14:43,22.75,980.2,1366.0,23.808,211.5
2022-01-05/18:14:44,22.75,980.2,1366.0,23.808,211.5
2022-01-05/18:14:45,22.75,980.2,1366.0,23.808,211.5
2022-01-05/18:14:46,22.75,980.2,1366.0,23.808,211.5
2022-01-05/18:14:48,22.75,980.2,1366.0,23.808,211.5
2022-01-05/18:14:49,22.75,980.2,1366.0,23.352,211.5
2022-01-05/18:14:50,22.75,980.2,1366.0,23.352,211.6
2022-01-05/18:14:51,22.75,980.2,1366.0,23.352,211.5
2022-01-05/18:14:52,22.75,980.2,1366.0,23.352,211.5
2022-01-05/18:14:54,22.75,980.2,1366.0,23.352,211.7
2022-01-05/18:14:55,22.74,980.1,1369.0,23.4,211.5
2022-01-05/18:14:56,22.74,980.1,1369.0,23.4,211.5
2022-01-05/18:14:57,22.74,980.1,1369.0,23.4,211.5
2022-01-05/18:14:58,22.74,980.1,1369.0,23.4,211.6
2022-01-05/18:14:59,22.74,980.1,1369.0,23.4,211.5
2022-01-05/18:15:01,22.74,980.1,1369.0,23.184,211.5
2022-01-05/18:15:02,22.74,980.1,1369.0,23.184,211.5
2022-01-05/18:15:03,22.74,980.1,1369.0,23.184,211.5
2022-01-05/18:15:04,22.74,980.1,1369.0,23.184,211.5
2022-01-05/18:15:05,22.74,980.1,1369.0,23.184,211.5
2022-01-05/18:15:06,22.74,980.1,1369.0,23.04,211.5
2022-01-05/18:15:08,22.74,980.1,1369.0,23.04,211.5
2022-01-05/18:15:09,22.74,980.1,1369.0,23.04,211.5
2022-01-05/18:15:10,22.74,980.1,1369.0,23.04,211.5
2022-01-05/18:15:11,22.74,980.1,1369.0,23.04,212.1
2022-01-05/18:15:12,22.76,980.1,1374.0,23.16,211.8
2022-01-05/18:15:14,22.76,980.1,1374.0,23.16,211.5
2022-01-05/18:15:15,22.76,980.1,1374.0,23.16,211.5
2022-01-05/18:15:16,22.76,980.1,1374.0,23.16,211.5
2022-01-05/18:15:17,22.76,980.1,1374.0,23.16,211.5
2022-01-05/18:15:18,22.76,980.1,1374.0,23.16,211.5
2022-01-05/18:15:19,22.76,980.1,1374.0,23.16,211.5
2022-01-05/18:15:21,22.76,980.1,1374.0,23.16,211.5
2022-01-05/18:15:22,22.76,980.1,1374.0,23.16,211.5
2022-01-05/18:15:23,22.76,980.1,1374.0,23.16,211.6
2022-01-05/18:15:24,22.74,980.1,1375.0,22.656,211.8
2022-01-05/18:15:25,22.74,980.1,1375.0,22.656,212.8
2022-01-05/18:15:27,22.74,980.1,1375.0,22.656,213.3
2022-01-05/18:15:28,22.74,980.1,1375.0,22.656,213.3
2022-01-05/18:15:29,22.74,980.1,1375.0,22.656,213.3
2022-01-05/18:15:30,22.74,980.1,1375.0,22.92,213.4
2022-01-05/18:15:31,22.74,980.1,1375.0,22.92,213.3
2022-01-05/18:15:32,22.74,980.1,1375.0,22.92,213.3
2022-01-05/18:15:34,22.74,980.1,1375.0,22.92,213.4
2022-01-05/18:15:35,22.74,980.1,1375.0,22.92,213.7
2022-01-05/18:15:36,22.74,980.1,1375.0,23.136,213.9
2022-01-05/18:15:37,22.74,980.1,1375.0,23.136,213.9
2022-01-05/18:15:38,22.74,980.1,1375.0,23.136,213.9
2022-01-05/18:15:39,22.74,980.1,1375.0,23.136,213.5
2022-01-05/18:15:41,22.74,980.1,1375.0,23.136,213.3
2022-01-05/18:15:42,22.74,980.2,1374.0,23.592,213.9
2022-01-05/18:15:43,22.74,980.2,1374.0,23.592,213.4
2022-01-05/18:15:44,22.74,980.2,1374.0,23.592,214.0
2022-01-05/18:15:45,22.74,980.2,1374.0,23.592,213.6
2022-01-05/18:15:47,22.74,980.2,1374.0,23.592,213.7
2022-01-05/18:15:48,22.74,980.2,1374.0,23.376,213.3
2022-01-05/18:15:49,22.74,980.2,1374.0,23.376,213.3
2022-01-05/18:15:50,22.74,980.2,1374.0,23.376,213.4
2022-01-05/18:15:51,22.74,980.2,1374.0,23.376,213.5
2022-01-05/18:15:52,22.74,980.2,1374.0,23.376,213.6
2022-01-05/18:15:54,22.73,980.1,1386.0,23.04,213.6
2022-01-05/18:15:55,22.73,980.1,1386.0,23.04,214.1
2022-01-05/18:15:56,22.73,980.1,1386.0,23.04,214.2
2022-01-05/18:15:57,22.73,980.1,1386.0,23.04,213.7
2022-01-05/18:15:58,22.73,980.1,1386.0,23.04,213.5
2022-01-05/18:16:00,22.73,980.1,1386.0,23.184,213.6
2022-01-05/18:16:01,22.73,980.1,1386.0,23.184,213.4
2022-01-05/18:16:02,22.73,980.1,1386.0,23.184,213.3
2022-01-05/18:16:03,22.73,980.1,1386.0,23.184,213.4
2022-01-05/18:16:04,22.73,980.1,1386.0,23.184,213.3
2022-01-05/18:16:05,22.73,980.1,1386.0,23.04,213.3
2022-01-05/18:16:07,22.73,980.1,1386.0,23.04,213.3
2022-01-05/18:16:08,22.73,980.1,1386.0,23.04,213.3
2022-01-05/18:16:09,22.73,980.1,1386.0,23.04,213.3
2022-01-05/18:16:10,22.73,980.1,1386.0,23.04,213.3
2022-01-05/18:16:11,22.74,980.1,1393.0,23.184,213.3
2022-01-05/18:16:12,22.74,980.1,1393.0,23.184,213.3
2022-01-05/18:16:14,22.74,980.1,1393.0,23.184,213.3
2022-01-05/18:16:15,22.74,980.1,1393.0,23.184,213.3
2022-01-05/18:16:16,22.74,980.1,1393.0,23.184,213.3
2022-01-05/18:16:17,22.74,980.1,1393.0,23.136,213.3
2022-01-05/18:16:18,22.74,980.1,1393.0,23.136,213.3
2022-01-05/18:16:20,22.74,980.1,1393.0,23.136,213.3
2022-01-05/18:16:21,22.74,980.1,1393.0,23.136,213.3
2022-01-05/18:16:22,22.74,980.1,1393.0,23.136,213.3
2022-01-05/18:16:23,22.74,980.1,1398.0,22.8,213.3
2022-01-05/18:16:24,22.74,980.1,1398.0,22.8,213.3
2022-01-05/18:16:26,22.74,980.1,1398.0,22.8,213.3
2022-01-05/18:16:27,22.74,980.1,1398.0,22.8,213.3
2022-01-05/18:16:28,22.74,980.1,1398.0,22.8,213.3
2022-01-05/18:16:29,22.74,980.1,1398.0,22.92,213.3
2022-01-05/18:16:30,22.74,980.1,1398.0,22.92,213.3
2022-01-05/18:16:31,22.74,980.1,1398.0,22.92,213.3
2022-01-05/18:16:33,22.74,980.1,1398.0,22.92,213.3
2022-01-05/18:16:34,22.74,980.1,1398.0,22.92,213.3
2022-01-05/18:16:35,22.74,980.1,1398.0,23.064,213.3
2022-01-05/18:16:36,22.74,980.1,1398.0,23.064,213.3
2022-01-05/18:16:37,22.74,980.1,1398.0,23.064,213.3
2022-01-05/18:16:38,22.74,980.1,1398.0,23.064,213.3
2022-01-05/18:16:40,22.74,980.1,1398.0,23.064,213.3
2022-01-05/18:16:41,22.74,980.1,1394.0,22.8,213.3
2022-01-05/18:16:42,22.74,980.1,1394.0,22.8,213.3
2022-01-05/18:16:43,22.74,980.1,1394.0,22.8,213.3
2022-01-05/18:16:44,22.74,980.1,1394.0,22.8,213.3
2022-01-05/18:16:45,22.74,980.1,1394.0,22.8,213.3
2022-01-05/18:16:47,22.74,980.1,1394.0,23.088,213.3
2022-01-05/18:16:48,22.74,980.1,1394.0,23.088,213.3
2022-01-05/18:16:49,22.74,980.1,1394.0,23.088,213.3
2022-01-05/18:16:50,22.74,980.1,1394.0,23.088,213.3
2022-01-05/18:16:51,22.74,980.1,1394.0,23.088,213.3
2022-01-05/18:16:53,22.75,980.1,1391.0,24.144,213.4
2022-01-05/18:16:54,22.75,980.1,1391.0,24.144,213.3
2022-01-05/18:16:55,22.75,980.1,1391.0,24.144,213.3
2022-01-05/18:16:56,22.75,980.1,1391.0,24.144,213.5
2022-01-05/18:16:57,22.75,980.1,1391.0,24.144,213.2
2022-01-05/18:16:58,22.75,980.1,1391.0,22.776,213.2
2022-01-05/18:17:00,22.75,980.1,1391.0,22.776,213.3
2022-01-05/18:17:01,22.75,980.1,1391.0,22.776,213.3
2022-01-05/18:17:02,22.75,980.1,1391.0,22.776,213.3
2022-01-05/18:17:03,22.75,980.1,1391.0,22.776,213.5
2022-01-05/18:17:04,22.75,980.1,1391.0,23.664,213.8
2022-01-05/18:17:06,22.75,980.1,1391.0,23.664,213.5
2022-01-05/18:17:07,22.75,980.1,1391.0,23.664,213.3
2022-01-05/18:17:08,22.75,980.1,1391.0,23.664,213.3
2022-01-05/18:17:09,22.75,980.1,1391.0,23.664,213.3
2022-01-05/18:17:10,22.74,980.2,1387.0,22.704,213.3
2022-01-05/18:17:11,22.74,980.2,1387.0,22.704,213.3
2022-01-05/18:17:13,22.74,980.2,1387.0,22.704,213.3
2022-01-05/18:17:14,22.74,980.2,1387.0,22.704,213.3
2022-01-05/18:17:15,22.74,980.2,1387.0,22.704,213.3
2022-01-05/18:17:16,22.74,980.2,1387.0,23.256,213.3
2022-01-05/18:17:17,22.74,980.2,1387.0,23.256,213.3
2022-01-05/18:17:18,22.74,980.2,1387.0,23.256,213.3
2022-01-05/18:17:20,22.74,980.2,1387.0,23.256,213.3
2022-01-05/18:17:21,22.74,980.2,1387.0,23.256,213.3
2022-01-05/18:17:22,22.74,980.2,1387.0,22.44,213.3
2022-01-05/18:17:23,22.74,980.2,1387.0,22.44,213.3
2022-01-05/18:17:24,22.74,980.2,1387.0,22.44,213.3
2022-01-05/18:17:26,22.74,980.2,1387.0,22.44,213.3
2022-01-05/18:17:27,22.74,980.2,1387.0,22.44,213.3
2022-01-05/18:17:28,22.76,980.1,1390.0,23.544,213.3
2022-01-05/18:17:29,22.76,980.1,1390.0,23.544,213.3
2022-01-05/18:17:30,22.76,980.1,1390.0,23.544,213.3
2022-01-05/18:17:31,22.76,980.1,1390.0,23.544,213.3
2022-01-05/18:17:33,22.76,980.1,1390.0,23.544,213.3
2022-01-05/18:17:34,22.76,980.1,1390.0,23.544,213.3
2022-01-05/18:17:35,22.76,980.1,1390.0,23.544,213.3
2022-01-05/18:17:36,22.76,980.1,1390.0,23.544,213.3
2022-01-05/18:17:37,22.76,980.1,1390.0,23.544,213.3
2022-01-05/18:17:39,22.76,980.1,1390.0,23.544,213.3
2022-01-05/18:17:40,22.75,980.1,1393.0,22.68,213.3
2022-01-05/18:17:41,22.75,980.1,1393.0,22.68,213.3
2022-01-05/18:17:42,22.75,980.1,1393.0,22.68,213.3
2022-01-05/18:17:43,22.75,980.1,1393.0,22.68,213.3
2022-01-05/18:17:44,22.75,980.1,1393.0,22.68,213.3
2022-01-05/18:17:46,22.75,980.1,1393.0,23.256,213.3
2022-01-05/18:17:47,22.75,980.1,1393.0,23.256,213.3
2022-01-05/18:17:48,22.75,980.1,1393.0,23.256,213.3
2022-01-05/18:17:49,22.75,980.1,1393.0,23.256,213.3
2022-01-05/18:17:50,22.75,980.1,1393.0,23.256,213.3
2022-01-05/18:17:51,22.75,980.1,1393.0,22.92,213.3
2022-01-05/18:17:53,22.75,980.1,1393.0,22.92,213.3
2022-01-05/18:17:54,22.75,980.1,1393.0,22.92,213.3
2022-01-05/18:17:55,22.75,980.1,1393.0,22.92,213.3
2022-01-05/18:17:56,22.75,980.1,1393.0,22.92,213.3
2022-01-05/18:17:57,22.76,980.0,1402.0,23.4,213.3
2022-01-05/18:17:59,22.76,980.0,1402.0,23.4,213.3
2022-01-05/18:18:00,22.76,980.0,1402.0,23.4,213.3
2022-01-05/18:18:01,22.76,980.0,1402.0,23.4,213.3
2022-01-05/18:18:02,22.76,980.0,1402.0,23.4,213.3
2022-01-05/18:18:03,22.76,980.0,1402.0,23.016,213.8
2022-01-05/18:18:04,22.76,980.0,1402.0,23.016,214.2
2022-01-05/18:18:06,22.76,980.0,1402.0,23.016,214.2
2022-01-05/18:18:07,22.76,980.0,1402.0,23.016,214.2
2022-01-05/18:18:08,22.76,980.0,1402.0,23.016,214.2
2022-01-05/18:18:09,22.75,980.1,1398.0,22.944,214.2
2022-01-05/18:18:10,22.75,980.1,1398.0,22.944,214.2
2022-01-05/18:18:12,22.75,980.1,1398.0,22.944,214.1
2022-01-05/18:18:13,22.75,980.1,1398.0,22.944,213.3
2022-01-05/18:18:14,22.75,980.1,1398.0,22.944,213.3
2022-01-05/18:18:15,22.75,980.1,1398.0,23.088,213.3
2022-01-05/18:18:16,22.75,980.1,1398.0,23.088,213.3
2022-01-05/18:18:17,22.75,980.1,1398.0,23.088,213.3
2022-01-05/18:18:19,22.75,980.1,1398.0,23.088,213.3
2022-01-05/18:18:20,22.75,980.1,1398.0,23.088,213.3
2022-01-05/18:18:21,22.75,980.1,1398.0,23.136,213.3
2022-01-05/18:18:22,22.75,980.1,1398.0,23.136,213.3
2022-01-05/18:18:23,22.75,980.1,1398.0,23.136,213.3
2022-01-05/18:18:24,22.75,980.1,1398.0,23.136,213.3
2022-01-05/18:18:26,22.75,980.1,1398.0,23.136,213.3
2022-01-05/18:18:27,22.75,980.2999,1395.0,23.016,213.3
2022-01-05/18:18:28,22.75,980.2999,1395.0,23.016,213.3
2022-01-05/18:18:29,22.75,980.2999,1395.0,23.016,213.3
2022-01-05/18:18:30,22.75,980.2999,1395.0,23.016,213.3
2022-01-05/18:18:32,22.75,980.2999,1395.0,23.016,213.3
2022-01-05/18:18:33,22.75,980.2999,1395.0,23.016,213.3
2022-01-05/18:18:34,22.75,980.2999,1395.0,23.016,213.3
2022-01-05/18:18:35,22.75,980.2999,1395.0,23.016,213.3
2022-01-05/18:18:36,22.75,980.2999,1395.0,23.016,213.3
2022-01-05/18:18:37,22.75,980.2999,1395.0,23.016,213.3
2022-01-05/18:18:39,22.75,980.1,1390.0,23.136,213.3
2022-01-05/18:18:40,22.75,980.1,1390.0,23.136,213.3
2022-01-05/18:18:41,22.75,980.1,1390.0,23.136,213.3
2022-01-05/18:18:42,22.75,980.1,1390.0,23.136,213.3
2022-01-05/18:18:43,22.75,980.1,1390.0,23.136,213.3
2022-01-05/18:18:45,22.75,980.1,1390.0,23.088,213.3
2022-01-05/18:18:46,22.75,980.1,1390.0,23.088,213.3
2022-01-05/18:18:47,22.75,980.1,1390.0,23.088,213.3
2022-01-05/18:18:48,22.75,980.1,1390.0,23.088,213.3
2022-01-05/18:18:49,22.75,980.1,1390.0,23.088,213.3
2022-01-05/18:18:50,22.75,980.1,1390.0,23.28,213.3
2022-01-05/18:18:52,22.75,980.1,1390.0,23.28,213.3
2022-01-05/18:18:53,22.75,980.1,1390.0,23.28,213.3
2022-01-05/18:18:54,22.75,980.1,1390.0,23.28,213.3
2022-01-05/18:18:55,22.75,980.1,1390.0,23.28,213.3
2022-01-05/18:18:56,22.75,980.1,1390.0,23.232,213.3
2022-01-05/18:18:57,22.75,980.1,1390.0,23.232,213.3
2022-01-05/18:18:59,22.75,980.1,1390.0,23.232,213.3
2022-01-05/18:19:00,22.75,980.1,1390.0,23.232,213.3
2022-01-05/18:19:01,22.75,980.1,1390.0,23.232,213.3
2022-01-05/18:19:02,22.75,980.1,1390.0,23.352,213.3
2022-01-05/18:19:03,22.75,980.1,1390.0,23.352,213.3
2022-01-05/18:19:05,22.75,980.1,1390.0,23.352,213.3
2022-01-05/18:19:06,22.75,980.1,1390.0,23.352,213.3
2022-01-05/18:19:07,22.75,980.1,1390.0,23.352,213.3
2022-01-05/18:19:08,22.76,980.2,1382.0,22.872,213.3
2022-01-05/18:19:09,22.76,980.2,1382.0,22.872,213.4
2022-01-05/18:19:10,22.76,980.2,1382.0,22.872,213.4
2022-01-05/18:19:12,22.76,980.2,1382.0,22.872,213.4
2022-01-05/18:19:13,22.76,980.2,1382.0,22.872,213.5
2022-01-05/18:19:14,22.76,980.2,1382.0,23.232,213.8
2022-01-05/18:19:15,22.76,980.2,1382.0,23.232,213.4
2022-01-05/18:19:16,22.76,980.2,1382.0,23.232,205.3
2022-01-05/18:19:18,22.76,980.2,1382.0,23.232,82.6
2022-01-05/18:19:19,22.76,980.2,1382.0,23.232,199.7
2022-01-05/18:19:20,22.76,980.2,1382.0,24.576,173.9
2022-01-05/18:19:21,22.76,980.2,1382.0,24.576,149.9
2022-01-05/18:19:22,22.76,980.2,1382.0,24.576,209.5
2022-01-05/18:19:23,22.76,980.2,1382.0,24.576,209.0
2022-01-05/18:19:25,22.76,980.2,1382.0,24.576,144.1
2022-01-05/18:19:26,22.74,980.1,1373.0,23.856,118.0
2022-01-05/18:19:27,22.74,980.1,1373.0,23.856,213.9
2022-01-05/18:19:28,22.74,980.1,1373.0,23.856,214.2
2022-01-05/18:19:29,22.74,980.1,1373.0,23.856,214.2
2022-01-05/18:19:30,22.74,980.1,1373.0,23.856,214.2
2022-01-05/18:19:32,22.74,980.1,1373.0,25.296,213.4
2022-01-05/18:19:33,22.74,980.1,1373.0,25.296,214.0
2022-01-05/18:19:34,22.74,980.1,1373.0,25.296,213.5
2022-01-05/18:19:35,22.74,980.1,1373.0,25.296,213.4
2022-01-05/18:19:36,22.74,980.1,1373.0,25.296,213.3
2022-01-05/18:19:38,22.74,980.1,1382.0,24.672,213.3
2022-01-05/18:19:39,22.74,980.1,1382.0,24.672,213.3
2022-01-05/18:19:40,22.74,980.1,1382.0,24.672,213.5
2022-01-05/18:19:41,22.74,980.1,1382.0,24.672,214.2
2022-01-05/18:19:42,22.74,980.1,1382.0,24.672,214.2
2022-01-05/18:19:43,22.74,980.1,1382.0,23.112,214.2
2022-01-05/18:19:45,22.74,980.1,1382.0,23.112,214.2
2022-01-05/18:19:46,22.74,980.1,1382.0,23.112,214.2
2022-01-05/18:19:47,22.74,980.1,1382.0,23.112,214.2
2022-01-05/18:19:48,22.74,980.1,1382.0,23.112,214.2
2022-01-05/18:19:49,22.74,980.1,1382.0,23.04,214.2
2022-01-05/18:19:51,22.74,980.1,1382.0,23.04,214.2
2022-01-05/18:19:52,22.74,980.1,1382.0,23.04,214.2
2022-01-05/18:19:53,22.74,980.1,1382.0,23.04,214.0
2022-01-05/18:19:54,22.74,980.1,1382.0,23.04,213.3
2022-01-05/18:19:55,22.74,980.2,1384.0,22.536,213.3
2022-01-05/18:19:56,22.74,980.2,1384.0,22.536,213.3
2022-01-05/18:19:58,22.74,980.2,1384.0,22.536,213.3
2022-01-05/18:19:59,22.74,980.2,1384.0,22.536,203.6
2022-01-05/18:20:00,22.74,980.2,1384.0,22.536,54.2
2022-01-05/18:20:01,22.74,980.2,1384.0,24.096,206.9
2022-01-05/18:20:02,22.74,980.2,1384.0,24.096,208.8
2022-01-05/18:20:03,22.74,980.2,1384.0,24.096,208.8
2022-01-05/18:20:05,22.74,980.2,1384.0,24.096,208.8
2022-01-05/18:20:06,22.74,980.2,1384.0,24.096,207.6
2022-01-05/18:20:07,22.74,980.2,1384.0,22.752,209.2
2022-01-05/18:20:08,22.74,980.2,1384.0,22.752,196.2
2022-01-05/18:20:09,22.74,980.2,1384.0,22.752,207.0
2022-01-05/18:20:11,22.74,980.2,1384.0,22.752,210.8
2022-01-05/18:20:12,22.74,980.2,1384.0,22.752,211.5
2022-01-05/18:20:13,22.74,980.2,1383.0,23.808,211.5
2022-01-05/18:20:14,22.74,980.2,1383.0,23.808,211.4
2022-01-05/18:20:15,22.74,980.2,1383.0,23.808,212.1
2022-01-05/18:20:16,22.74,980.2,1383.0,23.808,213.3
2022-01-05/18:20:18,22.74,980.2,1383.0,23.808,213.3
2022-01-05/18:20:19,22.74,980.2,1383.0,23.52,213.3
2022-01-05/18:20:20,22.74,980.2,1383.0,23.52,213.3
2022-01-05/18:20:21,22.74,980.2,1383.0,23.52,213.2
2022-01-05/18:20:22,22.74,980.2,1383.0,23.52,213.3
2022-01-05/18:20:23,22.74,980.2,1383.0,23.52,213.1
2022-01-05/18:20:25,22.76,980.2,1384.0,23.424,212.0
2022-01-05/18:20:26,22.76,980.2,1384.0,23.424,162.9
2022-01-05/18:20:27,22.76,980.2,1384.0,23.424,202.7
2022-01-05/18:20:28,22.76,980.2,1384.0,23.424,213.3
2022-01-05/18:20:29,22.76,980.2,1384.0,23.424,213.3
2022-01-05/18:20:31,22.76,980.2,1384.0,24.144,213.3
2022-01-05/18:20:32,22.76,980.2,1384.0,24.144,213.3
2022-01-05/18:20:33,22.76,980.2,1384.0,24.144,213.3
2022-01-05/18:20:34,22.76,980.2,1384.0,24.144,213.3
2022-01-05/18:20:35,22.76,980.2,1384.0,24.144,213.3
2022-01-05/18:20:36,22.76,980.2,1384.0,23.04,213.3
2022-01-05/18:20:38,22.76,980.2,1384.0,23.04,213.3
2022-01-05/18:20:39,22.76,980.2,1384.0,23.04,213.3
2022-01-05/18:20:40,22.76,980.2,1384.0,23.04,213.3
2022-01-05/18:20:41,22.76,980.2,1384.0,23.04,213.3
2022-01-05/18:20:42,22.79,980.1,1399.0,24.912,213.2
2022-01-05/18:20:44,22.79,980.1,1399.0,24.912,213.3
2022-01-05/18:20:45,22.79,980.1,1399.0,24.912,214.1
2022-01-05/18:20:46,22.79,980.1,1399.0,24.912,214.2
2022-01-05/18:20:47,22.79,980.1,1399.0,24.912,214.2
2022-01-05/18:20:48,22.79,980.1,1399.0,23.424,213.2
2022-01-05/18:20:49,22.79,980.1,1399.0,23.424,211.5
2022-01-05/18:20:51,22.79,980.1,1399.0,23.424,211.5
2022-01-05/18:20:52,22.79,980.1,1399.0,23.424,212.2
2022-01-05/18:20:53,22.79,980.1,1399.0,23.424,212.4
2022-01-05/18:20:54,22.76,980.2,1415.0,26.184,212.4
2022-01-05/18:20:55,22.76,980.2,1415.0,26.184,212.4
2022-01-05/18:20:57,22.76,980.2,1415.0,26.184,212.4
2022-01-05/18:20:58,22.76,980.2,1415.0,26.184,211.1
2022-01-05/18:20:59,22.76,980.2,1415.0,26.184,210.6
2022-01-05/18:21:00,22.76,980.2,1415.0,23.232,210.6
2022-01-05/18:21:01,22.76,980.2,1415.0,23.232,210.6
2022-01-05/18:21:02,22.76,980.2,1415.0,23.232,211.0
2022-01-05/18:21:04,22.76,980.2,1415.0,23.232,210.7
2022-01-05/18:21:05,22.76,980.2,1415.0,23.232,210.9
2022-01-05/18:21:06,22.76,980.2,1415.0,23.304,210.7
2022-01-05/18:21:07,22.76,980.2,1415.0,23.304,210.6
2022-01-05/18:21:08,22.76,980.2,1415.0,23.304,210.6
2022-01-05/18:21:09,22.76,980.2,1415.0,23.304,210.7
2022-01-05/18:21:11,22.76,980.2,1415.0,23.304,210.6
2022-01-05/18:21:12,22.76,980.2,1425.0,24.024,210.6
2022-01-05/18:21:13,22.76,980.2,1425.0,24.024,210.6
2022-01-05/18:21:14,22.76,980.2,1425.0,24.024,211.2
2022-01-05/18:21:15,22.76,980.2,1425.0,24.024,212.4
2022-01-05/18:21:17,22.76,980.2,1425.0,24.024,212.2
2022-01-05/18:21:18,22.76,980.2,1425.0,23.328,212.2
2022-01-05/18:21:19,22.76,980.2,1425.0,23.328,212.4
2022-01-05/18:21:20,22.76,980.2,1425.0,23.328,212.4
2022-01-05/18:21:21,22.76,980.2,1425.0,23.328,212.4
2022-01-05/18:21:22,22.76,980.2,1425.0,23.328,212.0
2022-01-05/18:21:24,22.76,980.2999,1431.0,22.968,210.5
2022-01-05/18:21:25,22.76,980.2999,1431.0,22.968,210.6
2022-01-05/18:21:26,22.76,980.2999,1431.0,22.968,211.6
2022-01-05/18:21:27,22.76,980.2999,1431.0,22.968,211.5
2022-01-05/18:21:28,22.76,980.2999,1431.0,22.968,211.5
2022-01-05/18:21:29,22.76,980.2999,1431.0,24.336,211.8
2022-01-05/18:21:31,22.76,980.2999,1431.0,24.336,211.8
2022-01-05/18:21:32,22.76,980.2999,1431.0,24.336,211.5
2022-01-05/18:21:33,22.76,980.2999,1431.0,24.336,211.5
2022-01-05/18:21:34,22.76,980.2999,1431.0,24.336,211.3
2022-01-05/18:21:35,22.76,980.2999,1431.0,23.592,211.1
2022-01-05/18:21:37,22.76,980.2999,1431.0,23.592,210.6
2022-01-05/18:21:38,22.76,980.2999,1431.0,23.592,210.8
2022-01-05/18:21:39,22.76,980.2999,1431.0,23.592,211.5
2022-01-05/18:21:40,22.76,980.2999,1431.0,23.592,210.8
2022-01-05/18:21:41,22.76,980.2999,1446.0,26.112,210.7
2022-01-05/18:21:42,22.76,980.2999,1446.0,26.112,211.2
2022-01-05/18:21:44,22.76,980.2999,1446.0,26.112,210.7
2022-01-05/18:21:45,22.76,980.2999,1446.0,26.112,211.2
2022-01-05/18:21:46,22.76,980.2999,1446.0,26.112,211.3
2022-01-05/18:21:47,22.76,980.2999,1446.0,24.912,210.8
2022-01-05/18:21:48,22.76,980.2999,1446.0,24.912,211.0
2022-01-05/18:21:50,22.76,980.2999,1446.0,24.912,211.3
2022-01-05/18:21:51,22.76,980.2999,1446.0,24.912,211.1
2022-01-05/18:21:52,22.76,980.2999,1446.0,24.912,211.2
2022-01-05/18:21:53,22.7,980.2999,1440.0,24.48,210.8
2022-01-05/18:21:54,22.7,980.2999,1440.0,24.48,210.6
2022-01-05/18:21:55,22.7,980.2999,1440.0,24.48,210.6
2022-01-05/18:21:57,22.7,980.2999,1440.0,24.48,210.6
2022-01-05/18:21:58,22.7,980.2999,1440.0,24.48,210.6
2022-01-05/18:21:59,22.7,980.2999,1440.0,21.744,210.6
2022-01-05/18:22:00,22.7,980.2999,1440.0,21.744,210.6
2022-01-05/18:22:01,22.7,980.2999,1440.0,21.744,210.6
2022-01-05/18:22:02,22.7,980.2999,1440.0,21.744,210.6
2022-01-05/18:22:04,22.7,980.2999,1440.0,21.744,210.6
2022-01-05/18:22:05,22.7,980.2999,1440.0,23.496,210.6
2022-01-05/18:22:06,22.7,980.2999,1440.0,23.496,210.6
2022-01-05/18:22:07,22.7,980.2999,1440.0,23.496,210.6
2022-01-05/18:22:08,22.7,980.2999,1440.0,23.496,210.6
2022-01-05/18:22:10,22.7,980.2999,1440.0,23.496,210.6
2022-01-05/18:22:11,22.62,980.2999,1425.0,21.648,210.6
2022-01-05/18:22:12,22.62,980.2999,1425.0,21.648,210.6
2022-01-05/18:22:13,22.62,980.2999,1425.0,21.648,210.6
2022-01-05/18:22:14,22.62,980.2999,1425.0,21.648,210.6
2022-01-05/18:22:15,22.62,980.2999,1425.0,21.648,210.6
2022-01-05/18:22:17,22.62,980.2999,1425.0,24.792,210.6
2022-01-05/18:22:18,22.62,980.2999,1425.0,24.792,210.6
2022-01-05/18:22:19,22.62,980.2999,1425.0,24.792,210.6
2022-01-05/18:22:20,22.62,980.2999,1425.0,24.792,211.2
2022-01-05/18:22:21,22.62,980.2999,1425.0,24.792,211.5
2022-01-05/18:22:23,22.49,980.2,1400.0,23.424,211.5
2022-01-05/18:22:24,22.49,980.2,1400.0,23.424,211.5
2022-01-05/18:22:25,22.49,980.2,1400.0,23.424,211.5
2022-01-05/18:22:26,22.49,980.2,1400.0,23.424,211.5
2022-01-05/18:22:27,22.49,980.2,1400.0,23.424,211.5
2022-01-05/18:22:28,22.49,980.2,1400.0,23.136,211.5
2022-01-05/18:22:30,22.49,980.2,1400.0,23.136,211.5
2022-01-05/18:22:31,22.49,980.2,1400.0,23.136,211.5
2022-01-05/18:22:32,22.49,980.2,1400.0,23.136,211.4
2022-01-05/18:22:33,22.49,980.2,1400.0,23.136,211.3
2022-01-05/18:22:34,22.49,980.2,1400.0,23.376,211.3
2022-01-05/18:22:35,22.49,980.2,1400.0,23.376,211.5
2022-01-05/18:22:37,22.49,980.2,1400.0,23.376,211.2
2022-01-05/18:22:38,22.49,980.2,1400.0,23.376,211.5
2022-01-05/18:22:39,22.49,980.2,1400.0,23.376,211.3
2022-01-05/18:22:40,22.26,980.2,1354.0,23.856,211.5
2022-01-05/18:22:41,22.26,980.2,1354.0,23.856,211.4
2022-01-05/18:22:43,22.26,980.2,1354.0,23.856,211.5
2022-01-05/18:22:44,22.26,980.2,1354.0,23.856,211.4
2022-01-05/18:22:45,22.26,980.2,1354.0,23.856,211.5
2022-01-05/18:22:46,22.26,980.2,1354.0,22.536,211.4
2022-01-05/18:22:47,22.26,980.2,1354.0,22.536,211.3
2022-01-05/18:22:48,22.26,980.2,1354.0,22.536,211.3
2022-01-05/18:22:50,22.26,980.2,1354.0,22.536,211.3
2022-01-05/18:22:51,22.26,980.2,1354.0,22.536,211.2
2022-01-05/18:22:52,22.26,980.2,1354.0,23.184,211.3
2022-01-05/18:22:53,22.26,980.2,1354.0,23.184,211.4
2022-01-05/18:22:54,22.26,980.2,1354.0,23.184,211.1
2022-01-05/18:22:56,22.26,980.2,1354.0,23.184,211.2
2022-01-05/18:22:57,22.26,980.2,1354.0,23.184,211.3
2022-01-05/18:22:58,22.05,980.2,1287.0,23.4,211.3
2022-01-05/18:22:59,22.05,980.2,1287.0,23.4,211.2
2022-01-05/18:23:00,22.05,980.2,1287.0,23.4,211.3
2022-01-05/18:23:01,22.05,980.2,1287.0,23.4,211.4
2022-01-05/18:23:03,22.05,980.2,1287.0,23.4,210.7
2022-01-05/18:23:04,22.05,980.2,1287.0,22.392,211.1
2022-01-05/18:23:05,22.05,980.2,1287.0,22.392,211.3
2022-01-05/18:23:06,22.05,980.2,1287.0,22.392,211.0
2022-01-05/18:23:07,22.05,980.2,1287.0,22.392,211.2
2022-01-05/18:23:08,22.05,980.2,1287.0,22.392,211.1
2022-01-05/18:23:10,21.9,980.2,1226.0,23.04,210.9
2022-01-05/18:23:11,21.9,980.2,1226.0,23.04,211.0
2022-01-05/18:23:12,21.9,980.2,1226.0,23.04,211.2
2022-01-05/18:23:13,21.9,980.2,1226.0,23.04,211.3
2022-01-05/18:23:14,21.9,980.2,1226.0,23.04,211.1
2022-01-05/18:23:16,21.9,980.2,1226.0,24.168,210.9
2022-01-05/18:23:17,21.9,980.2,1226.0,24.168,211.1
2022-01-05/18:23:18,21.9,980.2,1226.0,24.168,210.8
2022-01-05/18:23:19,21.9,980.2,1226.0,24.168,210.7
2022-01-05/18:23:20,21.9,980.2,1226.0,24.168,210.6
2022-01-05/18:23:21,21.9,980.2,1226.0,23.352,210.7
2022-01-05/18:23:23,21.9,980.2,1226.0,23.352,210.6
2022-01-05/18:23:24,21.9,980.2,1226.0,23.352,210.6
2022-01-05/18:23:25,21.9,980.2,1226.0,23.352,210.6
2022-01-05/18:23:26,21.9,980.2,1226.0,23.352,210.7
2022-01-05/18:23:27,21.8,980.2,1168.0,24.648,210.6
2022-01-05/18:23:29,21.8,980.2,1168.0,24.648,210.8
2022-01-05/18:23:30,21.8,980.2,1168.0,24.648,210.6
2022-01-05/18:23:31,21.8,980.2,1168.0,24.648,210.6
2022-01-05/18:23:32,21.8,980.2,1168.0,24.648,210.6
2022-01-05/18:23:33,21.8,980.2,1168.0,29.64,210.6
2022-01-05/18:23:34,21.8,980.2,1168.0,29.64,210.6
2022-01-05/18:23:36,21.8,980.2,1168.0,29.64,210.6
2022-01-05/18:23:37,21.8,980.2,1168.0,29.64,210.6
2022-01-05/18:23:38,21.8,980.2,1168.0,29.64,210.6
2022-01-05/18:23:39,21.67,980.1,1119.0,24.648,210.6
2022-01-05/18:23:40,21.67,980.1,1119.0,24.648,210.6
2022-01-05/18:23:41,21.67,980.1,1119.0,24.648,210.6
2022-01-05/18:23:43,21.67,980.1,1119.0,24.648,210.6
2022-01-05/18:23:44,21.67,980.1,1119.0,24.648,210.6
2022-01-05/18:23:45,21.67,980.1,1119.0,24.552,210.6
2022-01-05/18:23:46,21.67,980.1,1119.0,24.552,210.6
2022-01-05/18:23:47,21.67,980.1,1119.0,24.552,210.6
2022-01-05/18:23:49,21.67,980.1,1119.0,24.552,210.7
2022-01-05/18:23:50,21.67,980.1,1119.0,24.552,210.7
2022-01-05/18:23:51,21.67,980.1,1119.0,23.256,210.6
2022-01-05/18:23:52,21.67,980.1,1119.0,23.256,211.0
2022-01-05/18:23:53,21.67,980.1,1119.0,23.256,211.2
2022-01-05/18:23:54,21.67,980.1,1119.0,23.256,211.1
2022-01-05/18:23:56,21.67,980.1,1119.0,23.256,210.7
2022-01-05/18:23:57,21.53,980.2,1073.0,24.744,211.1
2022-01-05/18:23:58,21.53,980.2,1073.0,24.744,210.7
2022-01-05/18:23:59,21.53,980.2,1073.0,24.744,210.8
2022-01-05/18:24:00,21.53,980.2,1073.0,24.744,210.7
2022-01-05/18:24:01,21.53,980.2,1073.0,24.744,210.6
2022-01-05/18:24:03,21.53,980.2,1073.0,24.912,210.9
2022-01-05/18:24:04,21.53,980.2,1073.0,24.912,210.8
2022-01-05/18:24:05,21.53,980.2,1073.0,24.912,210.8
2022-01-05/18:24:06,21.53,980.2,1073.0,24.912,210.9
2022-01-05/18:24:07,21.53,980.2,1073.0,24.912,211.2
2022-01-05/18:24:09,21.43,980.0,1033.0,23.928,211.2
2022-01-05/18:24:10,21.43,980.0,1033.0,23.928,210.9
2022-01-05/18:24:11,21.43,980.0,1033.0,23.928,210.7
2022-01-05/18:24:12,21.43,980.0,1033.0,23.928,210.7
2022-01-05/18:24:13,21.43,980.0,1033.0,23.928,210.7
2022-01-05/18:24:14,21.43,980.0,1033.0,24.528,210.8
2022-01-05/18:24:16,21.43,980.0,1033.0,24.528,211.4
2022-01-05/18:24:17,21.43,980.0,1033.0,24.528,211.5
2022-01-05/18:24:18,21.43,980.0,1033.0,24.528,211.4
2022-01-05/18:24:19,21.43,980.0,1033.0,24.528,211.5
2022-01-05/18:24:20,21.43,980.0,1033.0,22.992,211.5
2022-01-05/18:24:22,21.43,980.0,1033.0,22.992,211.5
2022-01-05/18:24:23,21.43,980.0,1033.0,22.992,211.4
2022-01-05/18:24:24,21.43,980.0,1033.0,22.992,211.3
2022-01-05/18:24:25,21.43,980.0,1033.0,22.992,211.4
2022-01-05/18:24:26,21.4,980.1,995.0,21.912,211.4
2022-01-05/18:24:27,21.4,980.1,995.0,21.912,211.5
2022-01-05/18:24:29,21.4,980.1,995.0,21.912,211.5
2022-01-05/18:24:30,21.4,980.1,995.0,21.912,211.5
2022-01-05/18:24:31,21.4,980.1,995.0,21.912,211.4
2022-01-05/18:24:32,21.4,980.1,995.0,23.376,211.5
2022-01-05/18:24:33,21.4,980.1,995.0,23.376,211.4
2022-01-05/18:24:34,21.4,980.1,995.0,23.376,211.4
2022-01-05/18:24:36,21.4,980.1,995.0,23.376,211.2
2022-01-05/18:24:37,21.4,980.1,995.0,23.376,211.2
2022-01-05/18:24:38,21.35,980.2,963.0,24.72,211.2
2022-01-05/18:24:39,21.35,980.2,963.0,24.72,211.0
2022-01-05/18:24:40,21.35,980.2,963.0,24.72,211.3
2022-01-05/18:24:42,21.35,980.2,963.0,24.72,210.9
2022-01-05/18:24:43,21.35,980.2,963.0,24.72,210.8
2022-01-05/18:24:44,21.35,980.2,963.0,25.656,211.3
2022-01-05/18:24:45,21.35,980.2,963.0,25.656,211.3
2022-01-05/18:24:46,21.35,980.2,963.0,25.656,211.1
2022-01-05/18:24:47,21.35,980.2,963.0,25.656,211.1
2022-01-05/18:24:49,21.35,980.2,963.0,25.656,210.3
2022-01-05/18:24:50,21.35,980.2,963.0,22.8,210.6
2022-01-05/18:24:51,21.35,980.2,963.0,22.8,210.6
2022-01-05/18:24:52,21.35,980.2,963.0,22.8,210.7
2022-01-05/18:24:53,21.35,980.2,963.0,22.8,210.6
2022-01-05/18:24:55,21.35,980.2,963.0,22.8,210.6
2022-01-05/18:24:56,21.25,980.1,942.0,24.0,210.6
2022-01-05/18:24:57,21.25,980.1,942.0,24.0,210.6
2022-01-05/18:24:58,21.25,980.1,942.0,24.0,210.6
2022-01-05/18:24:59,21.25,980.1,942.0,24.0,210.6
2022-01-05/18:25:00,21.25,980.1,942.0,24.0,210.6
2022-01-05/18:25:02,21.25,980.1,942.0,22.728,210.6
2022-01-05/18:25:03,21.25,980.1,942.0,22.728,210.6
2022-01-05/18:25:04,21.25,980.1,942.0,22.728,210.6
2022-01-05/18:25:05,21.25,980.1,942.0,22.728,210.6
2022-01-05/18:25:06,21.25,980.1,942.0,22.728,210.6
2022-01-05/18:25:07,21.12,980.0,922.0,23.16,210.6
2022-01-05/18:25:09,21.12,980.0,922.0,23.16,210.6
2022-01-05/18:25:10,21.12,980.0,922.0,23.16,210.6
2022-01-05/18:25:11,21.12,980.0,922.0,23.16,210.6
2022-01-05/18:25:12,21.12,980.0,922.0,23.16,210.6
2022-01-05/18:25:13,21.12,980.0,922.0,22.416,210.6
2022-01-05/18:25:15,21.12,980.0,922.0,22.416,210.6
2022-01-05/18:25:16,21.12,980.0,922.0,22.416,210.6
2022-01-05/18:25:17,21.12,980.0,922.0,22.416,210.0
2022-01-05/18:25:18,21.12,980.0,922.0,22.416,210.5
2022-01-05/18:25:19,21.12,980.0,922.0,22.92,210.6
2022-01-05/18:25:20,21.12,980.0,922.0,22.92,210.6
2022-01-05/18:25:22,21.12,980.0,922.0,22.92,210.6
2022-01-05/18:25:23,21.12,980.0,922.0,22.92,210.4
2022-01-05/18:25:24,21.12,980.0,922.0,22.92,210.6
2022-01-05/18:25:25,20.99,980.1,893.0,22.92,210.6
2022-01-05/18:25:26,20.99,980.1,893.0,22.92,210.4
2022-01-05/18:25:27,20.99,980.1,893.0,22.92,202.2
2022-01-05/18:25:29,20.99,980.1,893.0,22.92,201.2
2022-01-05/18:25:30,20.99,980.1,893.0,22.92,211.4
2022-01-05/18:25:31,20.99,980.1,893.0,22.416,211.4
2022-01-05/18:25:32,20.99,980.1,893.0,22.416,211.4
2022-01-05/18:25:33,20.99,980.1,893.0,22.416,211.5
2022-01-05/18:25:35,20.99,980.1,893.0,22.416,211.5
2022-01-05/18:25:36,20.99,980.1,893.0,22.416,211.5
2022-01-05/18:25:37,20.99,980.1,893.0,24.408,211.5
2022-01-05/18:25:38,20.99,980.1,893.0,24.408,211.3
2022-01-05/18:25:39,20.99,980.1,893.0,24.408,211.5
2022-01-05/18:25:40,20.99,980.1,893.0,24.408,193.9
2022-01-05/18:25:42,20.99,980.1,893.0,24.408,208.7
2022-01-05/18:25:43,20.87,980.1,865.0,23.328,208.8
2022-01-05/18:25:44,20.87,980.1,865.0,23.328,209.4
2022-01-05/18:25:45,20.87,980.1,865.0,23.328,209.2
2022-01-05/18:25:46,20.87,980.1,865.0,23.328,209.4
2022-01-05/18:25:48,20.87,980.1,865.0,23.328,209.6
2022-01-05/18:25:49,20.87,980.1,865.0,22.56,209.5
2022-01-05/18:25:50,20.87,980.1,865.0,22.56,209.7
2022-01-05/18:25:51,20.87,980.1,865.0,22.56,209.7
2022-01-05/18:25:52,20.87,980.1,865.0,22.56,209.7
2022-01-05/18:25:53,20.87,980.1,865.0,22.56,209.5
2022-01-05/18:25:55,20.77,980.1,840.0,23.616,209.6
2022-01-05/18:25:56,20.77,980.1,840.0,23.616,209.4
2022-01-05/18:25:57,20.77,980.1,840.0,23.616,209.3
2022-01-05/18:25:58,20.77,980.1,840.0,23.616,209.5
2022-01-05/18:25:59,20.77,980.1,840.0,23.616,209.5
2022-01-05/18:26:00,20.77,980.1,840.0,23.112,209.0
2022-01-05/18:26:02,20.77,980.1,840.0,23.112,208.9
2022-01-05/18:26:03,20.77,980.1,840.0,23.112,209.0
2022-01-05/18:26:04,20.77,980.1,840.0,23.112,208.9
2022-01-05/18:26:05,20.77,980.1,840.0,23.112,209.2
2022-01-05/18:26:06,20.77,980.1,840.0,23.28,209.4
2022-01-05/18:26:08,20.77,980.1,840.0,23.28,209.1
2022-01-05/18:26:09,20.77,980.1,840.0,23.28,209.0
2022-01-05/18:26:10,20.77,980.1,840.0,23.28,209.3
2022-01-05/18:26:11,20.77,980.1,840.0,23.28,209.2
2022-01-05/18:26:12,20.79,980.1,817.0,23.256,209.1
2022-01-05/18:26:14,20.79,980.1,817.0,23.256,209.0
2022-01-05/18:26:15,20.79,980.1,817.0,23.256,208.9
2022-01-05/18:26:16,20.79,980.1,817.0,23.256,209.1
2022-01-05/18:26:17,20.79,980.1,817.0,23.256,209.0
2022-01-05/18:26:18,20.79,980.1,817.0,23.928,208.9
2022-01-05/18:26:19,20.79,980.1,817.0,23.928,208.8
2022-01-05/18:26:21,20.79,980.1,817.0,23.928,208.8
2022-01-05/18:26:22,20.79,980.1,817.0,23.928,208.8
2022-01-05/18:26:23,20.79,980.1,817.0,23.928,208.8
2022-01-05/18:26:24,20.74,980.1,791.0,23.208,208.8
2022-01-05/18:26:25,20.74,980.1,791.0,23.208,208.8
2022-01-05/18:26:26,20.74,980.1,791.0,23.208,208.8
2022-01-05/18:26:28,20.74,980.1,791.0,23.208,208.8
2022-01-05/18:26:29,20.74,980.1,791.0,23.208,208.8
2022-01-05/18:26:30,20.74,980.1,791.0,24.816,208.8
2022-01-05/18:26:31,20.74,980.1,791.0,24.816,208.8
2022-01-05/18:26:32,20.74,980.1,791.0,24.816,208.8
2022-01-05/18:26:33,20.74,980.1,791.0,24.816,208.8
2022-01-05/18:26:35,20.74,980.1,791.0,24.816,209.4
2022-01-05/18:26:36,20.74,980.1,791.0,23.568,209.6
2022-01-05/18:26:37,20.74,980.1,791.0,23.568,209.3
2022-01-05/18:26:38,20.74,980.1,791.0,23.568,209.7
2022-01-05/18:26:39,20.74,980.1,791.0,23.568,209.3
2022-01-05/18:26:41,20.74,980.1,791.0,23.568,208.3
2022-01-05/18:26:42,20.77,980.1,778.0,24.648,207.1
2022-01-05/18:26:43,20.77,980.1,778.0,24.648,211.5
2022-01-05/18:26:44,20.77,980.1,778.0,24.648,211.5
2022-01-05/18:26:45,20.77,980.1,778.0,24.648,211.5
2022-01-05/18:26:46,20.77,980.1,778.0,24.648,211.5
2022-01-05/18:26:48,20.77,980.1,778.0,25.296,211.5
2022-01-05/18:26:49,20.77,980.1,778.0,25.296,200.7
2022-01-05/18:26:50,20.77,980.1,778.0,25.296,209.7
2022-01-05/18:26:51,20.77,980.1,778.0,25.296,209.7
2022-01-05/18:26:52,20.77,980.1,778.0,25.296,209.7
2022-01-05/18:26:53,20.75,980.2,763.0,25.968,209.7
2022-01-05/18:26:55,20.75,980.2,763.0,25.968,202.7
2022-01-05/18:26:56,20.75,980.2,763.0,25.968,211.5
2022-01-05/18:26:57,20.75,980.2,763.0,25.968,211.5
2022-01-05/18:26:58,20.75,980.2,763.0,25.968,211.5
2022-01-05/18:26:59,20.75,980.2,763.0,23.496,211.5
2022-01-05/18:27:01,20.75,980.2,763.0,23.496,211.5
2022-01-05/18:27:02,20.75,980.2,763.0,23.496,211.5
2022-01-05/18:27:03,20.75,980.2,763.0,23.496,211.5
2022-01-05/18:27:04,20.75,980.2,763.0,23.496,211.5
2022-01-05/18:27:05,20.75,980.2,763.0,24.576,211.5
2022-01-05/18:27:06,20.75,980.2,763.0,24.576,211.5
2022-01-05/18:27:08,20.75,980.2,763.0,24.576,211.5
2022-01-05/18:27:09,20.75,980.2,763.0,24.576,211.5
2022-01-05/18:27:10,20.75,980.2,763.0,24.576,211.5
2022-01-05/18:27:11,20.72,980.1,753.0,24.576,211.5
2022-01-05/18:27:12,20.72,980.1,753.0,24.576,211.5
2022-01-05/18:27:14,20.72,980.1,753.0,24.576,211.5
2022-01-05/18:27:15,20.72,980.1,753.0,24.576,211.5
2022-01-05/18:27:16,20.72,980.1,753.0,24.576,211.5
2022-01-05/18:27:17,20.72,980.1,753.0,25.032,211.5
2022-01-05/18:27:18,20.72,980.1,753.0,25.032,211.5
2022-01-05/18:27:19,20.72,980.1,753.0,25.032,211.5
2022-01-05/18:27:21,20.72,980.1,753.0,25.032,211.5
2022-01-05/18:27:22,20.72,980.1,753.0,25.032,211.5
2022-01-05/18:27:23,20.68,980.1,736.0,24.408,211.5
2022-01-05/18:27:24,20.68,980.1,736.0,24.408,211.5
2022-01-05/18:27:25,20.68,980.1,736.0,24.408,211.5
2022-01-05/18:27:26,20.68,980.1,736.0,24.408,211.5
2022-01-05/18:27:28,20.68,980.1,736.0,24.408,211.5
2022-01-05/18:27:29,20.68,980.1,736.0,22.512,211.5
2022-01-05/18:27:30,20.68,980.1,736.0,22.512,211.5
2022-01-05/18:27:31,20.68,980.1,736.0,22.512,211.5
2022-01-05/18:27:32,20.68,980.1,736.0,22.512,211.5
2022-01-05/18:27:34,20.68,980.1,736.0,22.512,211.5
2022-01-05/18:27:35,20.68,980.1,736.0,23.808,211.5
2022-01-05/18:27:36,20.68,980.1,736.0,23.808,211.5
2022-01-05/18:27:37,20.68,980.1,736.0,23.808,211.5
2022-01-05/18:27:38,20.68,980.1,736.0,23.808,211.5
2022-01-05/18:27:39,20.68,980.1,736.0,23.808,211.5
2022-01-05/18:27:41,20.55,980.1,723.0,23.64,211.5
2022-01-05/18:27:42,20.55,980.1,723.0,23.64,211.5
2022-01-05/18:27:43,20.55,980.1,723.0,23.64,211.5
2022-01-05/18:27:44,20.55,980.1,723.0,23.64,211.5
2022-01-05/18:27:45,20.55,980.1,723.0,23.64,211.5
2022-01-05/18:27:47,20.55,980.1,723.0,23.4,211.5
2022-01-05/18:27:48,20.55,980.1,723.0,23.4,211.5
2022-01-05/18:27:49,20.55,980.1,723.0,23.4,211.5
2022-01-05/18:27:50,20.55,980.1,723.0,23.4,211.5
2022-01-05/18:27:51,20.55,980.1,723.0,23.4,211.5
2022-01-05/18:27:52,20.49,980.1,705.0,25.08,211.5
2022-01-05/18:27:54,20.49,980.1,705.0,25.08,211.5
2022-01-05/18:27:55,20.49,980.1,705.0,25.08,211.5
2022-01-05/18:27:56,20.49,980.1,705.0,25.08,211.5
2022-01-05/18:27:57,20.49,980.1,705.0,25.08,211.5
2022-01-05/18:27:58,20.49,980.1,705.0,24.168,211.5
2022-01-05/18:28:00,20.49,980.1,705.0,24.168,211.5
2022-01-05/18:28:01,20.49,980.1,705.0,24.168,211.5
2022-01-05/18:28:02,20.49,980.1,705.0,24.168,211.5
2022-01-05/18:28:03,20.49,980.1,705.0,24.168,211.5
2022-01-05/18:28:04,20.49,980.1,705.0,24.096,211.5
2022-01-05/18:28:05,20.49,980.1,705.0,24.096,211.5
2022-01-05/18:28:07,20.49,980.1,705.0,24.096,211.5
2022-01-05/18:28:08,20.49,980.1,705.0,24.096,211.5
2022-01-05/18:28:09,20.49,980.1,705.0,24.096,211.5
2022-01-05/18:28:10,20.41,980.2,687.0,24.624,211.5
2022-01-05/18:28:11,20.41,980.2,687.0,24.624,211.5
2022-01-05/18:28:12,20.41,980.2,687.0,24.624,211.5
2022-01-05/18:28:14,20.41,980.2,687.0,24.624,211.5
2022-01-05/18:28:15,20.41,980.2,687.0,24.624,211.3
2022-01-05/18:28:16,20.41,980.2,687.0,22.296,211.5
2022-01-05/18:28:17,20.41,980.2,687.0,22.296,211.5
2022-01-05/18:28:18,20.41,980.2,687.0,22.296,210.6
2022-01-05/18:28:20,20.41,980.2,687.0,22.296,211.1
2022-01-05/18:28:21,20.41,980.2,687.0,22.296,211.3
2022-01-05/18:28:22,20.41,980.2,687.0,23.616,210.8
2022-01-05/18:28:23,20.41,980.2,687.0,23.616,211.1
2022-01-05/18:28:24,20.41,980.2,687.0,23.616,211.2
2022-01-05/18:28:25,20.41,980.2,687.0,23.616,211.3
2022-01-05/18:28:27,20.41,980.2,687.0,23.616,211.4
2022-01-05/18:28:28,20.41,980.2,669.0,24.768,211.1
2022-01-05/18:28:29,20.41,980.2,669.0,24.768,211.3
2022-01-05/18:28:30,20.41,980.2,669.0,24.768,211.1
2022-01-05/18:28:31,20.41,980.2,669.0,24.768,211.4
2022-01-05/18:28:32,20.41,980.2,669.0,24.768,211.5
2022-01-05/18:28:34,20.41,980.2,669.0,22.872,211.5
2022-01-05/18:28:35,20.41,980.2,669.0,22.872,211.5
2022-01-05/18:28:36,20.41,980.2,669.0,22.872,211.3
2022-01-05/18:28:37,20.41,980.2,669.0,22.872,211.4
2022-01-05/18:28:38,20.41,980.2,669.0,22.872,211.5
2022-01-05/18:28:40,20.36,980.1,653.0,29.232,211.3
2022-01-05/18:28:41,20.36,980.1,653.0,29.232,211.4
2022-01-05/18:28:42,20.36,980.1,653.0,29.232,211.5
2022-01-05/18:28:43,20.36,980.1,653.0,29.232,211.5
2022-01-05/18:28:44,20.36,980.1,653.0,29.232,211.5
2022-01-05/18:28:46,20.36,980.1,653.0,26.904,211.4
2022-01-05/18:28:47,20.36,980.1,653.0,26.904,211.4
2022-01-05/18:28:48,20.36,980.1,653.0,26.904,211.3
2022-01-05/18:28:49,20.36,980.1,653.0,26.904,211.5
2022-01-05/18:28:50,20.36,980.1,653.0,26.904,211.4
2022-01-05/18:28:51,20.36,980.1,653.0,22.632,211.3
2022-01-05/18:28:53,20.36,980.1,653.0,22.632,211.5
2022-01-05/18:28:54,20.36,980.1,653.0,22.632,211.5
2022-01-05/18:28:55,20.36,980.1,653.0,22.632,211.4
2022-01-05/18:28:56,20.36,980.1,653.0,22.632,211.5
2022-01-05/18:28:57,20.39,980.1,650.0,24.648,211.5
2022-01-05/18:28:58,20.39,980.1,650.0,24.648,211.5
2022-01-05/18:29:00,20.39,980.1,650.0,24.648,211.4
2022-01-05/18:29:01,20.39,980.1,650.0,24.648,211.4
2022-01-05/18:29:02,20.39,980.1,650.0,24.648,211.5
2022-01-05/18:29:03,20.39,980.1,650.0,24.336,211.5
2022-01-05/18:29:04,20.39,980.1,650.0,24.336,211.5
2022-01-05/18:29:05,20.39,980.1,650.0,24.336,211.5
2022-01-05/18:29:07,20.39,980.1,650.0,24.336,211.3
2022-01-05/18:29:08,20.39,980.1,650.0,24.336,211.5
2022-01-05/18:29:09,20.37,980.2999,640.0,25.224,211.5
2022-01-05/18:29:10,20.37,980.2999,640.0,25.224,211.5
2022-01-05/18:29:11,20.37,980.2999,640.0,25.224,211.5
2022-01-05/18:29:13,20.37,980.2999,640.0,25.224,211.4
2022-01-05/18:29:14,20.37,980.2999,640.0,25.224,211.5
2022-01-05/18:29:15,20.37,980.2999,640.0,26.448,211.2
2022-01-05/18:29:16,20.37,980.2999,640.0,26.448,211.5
2022-01-05/18:29:17,20.37,980.2999,640.0,26.448,211.3
2022-01-05/18:29:18,20.37,980.2999,640.0,26.448,211.2
2022-01-05/18:29:20,20.37,980.2999,640.0,26.448,211.5
2022-01-05/18:29:21,20.37,980.2999,640.0,26.136,210.9
2022-01-05/18:29:22,20.37,980.2999,640.0,26.136,211.4
2022-01-05/18:29:23,20.37,980.2999,640.0,26.136,211.5
2022-01-05/18:29:24,20.37,980.2999,640.0,26.136,211.5
2022-01-05/18:29:26,20.37,980.2999,640.0,26.136,211.5
2022-01-05/18:29:27,20.4,980.1,631.0,25.872,211.5
2022-01-05/18:29:28,20.4,980.1,631.0,25.872,211.5
2022-01-05/18:29:29,20.4,980.1,631.0,25.872,211.5
2022-01-05/18:29:30,20.4,980.1,631.0,25.872,211.5
2022-01-05/18:29:31,20.4,980.1,631.0,25.872,211.5
2022-01-05/18:29:33,20.4,980.1,631.0,28.392,211.4
2022-01-05/18:29:34,20.4,980.1,631.0,28.392,211.5
2022-01-05/18:29:35,20.4,980.1,631.0,28.392,211.5
2022-01-05/18:29:36,20.4,980.1,631.0,28.392,211.5
2022-01-05/18:29:37,20.4,980.1,631.0,28.392,211.4
2022-01-05/18:29:39,20.37,980.1,625.0,25.368,211.5
2022-01-05/18:29:40,20.37,980.1,625.0,25.368,211.5
2022-01-05/18:29:41,20.37,980.1,625.0,25.368,211.5
2022-01-05/18:29:42,20.37,980.1,625.0,25.368,211.2
2022-01-05/18:29:43,20.37,980.1,625.0,25.368,211.3
2022-01-05/18:29:44,20.37,980.1,625.0,28.032,211.5
2022-01-05/18:29:46,20.37,980.1,625.0,28.032,211.5
2022-01-05/18:29:47,20.37,980.1,625.0,28.032,211.4
2022-01-05/18:29:48,20.37,980.1,625.0,28.032,211.5
2022-01-05/18:29:49,20.37,980.1,625.0,28.032,211.5
2022-01-05/18:29:50,20.37,980.1,625.0,23.928,211.5
2022-01-05/18:29:51,20.37,980.1,625.0,23.928,211.4
2022-01-05/18:29:53,20.37,980.1,625.0,23.928,211.3
2022-01-05/18:29:54,20.37,980.1,625.0,23.928,211.5
2022-01-05/18:29:55,20.37,980.1,625.0,23.928,211.5
2022-01-05/18:29:56,20.32,980.2,619.0,24.36,211.5
2022-01-05/18:29:57,20.32,980.2,619.0,24.36,207.0
2022-01-05/18:29:59,20.32,980.2,619.0,24.36,206.5
2022-01-05/18:30:00,20.32,980.2,619.0,24.36,209.2
2022-01-05/18:30:01,20.32,980.2,619.0,24.36,208.8
2022-01-05/18:30:02,20.32,980.2,619.0,28.104,208.0
2022-01-05/18:30:03,20.32,980.2,619.0,28.104,207.9
2022-01-05/18:30:04,20.32,980.2,619.0,28.104,208.3
2022-01-05/18:30:06,20.32,980.2,619.0,28.104,208.2
2022-01-05/18:30:07,20.32,980.2,619.0,28.104,208.4
2022-01-05/18:30:08,20.29,980.2,605.0,28.632,208.4
2022-01-05/18:30:09,20.29,980.2,605.0,28.632,208.5
2022-01-05/18:30:10,20.29,980.2,605.0,28.632,208.9
2022-01-05/18:30:11,20.29,980.2,605.0,28.632,208.8
2022-01-05/18:30:13,20.29,980.2,605.0,28.632,209.2
2022-01-05/18:30:14,20.29,980.2,605.0,24.192,208.8
2022-01-05/18:30:15,20.29,980.2,605.0,24.192,208.8
2022-01-05/18:30:16,20.29,980.2,605.0,24.192,208.8
2022-01-05/18:30:17,20.29,980.2,605.0,24.192,209.1
2022-01-05/18:30:19,20.29,980.2,605.0,24.192,209.3
2022-01-05/18:30:20,20.29,980.2,605.0,23.4,208.9
2022-01-05/18:30:21,20.29,980.2,605.0,23.4,209.0
2022-01-05/18:30:22,20.29,980.2,605.0,23.4,208.9
2022-01-05/18:30:23,20.29,980.2,605.0,23.4,208.9
2022-01-05/18:30:24,20.29,980.2,605.0,23.4,208.8
2022-01-05/18:30:26,20.36,980.1,602.0,22.848,208.8
2022-01-05/18:30:27,20.36,980.1,602.0,22.848,208.8
2022-01-05/18:30:28,20.36,980.1,602.0,22.848,208.8
2022-01-05/18:30:29,20.36,980.1,602.0,22.848,208.8
2022-01-05/18:30:30,20.36,980.1,602.0,22.848,208.8
2022-01-05/18:30:32,20.36,980.1,602.0,23.04,208.8
2022-01-05/18:30:33,20.36,980.1,602.0,23.04,208.8
2022-01-05/18:30:34,20.36,980.1,602.0,23.04,208.8
2022-01-05/18:30:35,20.36,980.1,602.0,23.04,208.8
2022-01-05/18:30:36,20.36,980.1,602.0,23.04,208.8
2022-01-05/18:30:37,20.46,980.1,598.0,23.064,208.8
2022-01-05/18:30:39,20.46,980.1,598.0,23.064,208.8
2022-01-05/18:30:40,20.46,980.1,598.0,23.064,208.8
2022-01-05/18:30:41,20.46,980.1,598.0,23.064,208.8
2022-01-05/18:30:42,20.46,980.1,598.0,23.064,208.8
2022-01-05/18:30:43,20.46,980.1,598.0,23.616,208.8
2022-01-05/18:30:44,20.46,980.1,598.0,23.616,208.8
2022-01-05/18:30:46,20.46,980.1,598.0,23.616,208.8
2022-01-05/18:30:47,20.46,980.1,598.0,23.616,208.8
2022-01-05/18:30:48,20.46,980.1,598.0,23.616,208.8
2022-01-05/18:30:49,20.46,980.1,598.0,24.432,208.9
2022-01-05/18:30:50,20.46,980.1,598.0,24.432,208.8
2022-01-05/18:30:52,20.46,980.1,598.0,24.432,208.8
2022-01-05/18:30:53,20.46,980.1,598.0,24.432,208.8
2022-01-05/18:30:54,20.46,980.1,598.0,24.432,208.8
2022-01-05/18:30:55,20.51,980.1,607.0,23.712,208.8
2022-01-05/18:30:56,20.51,980.1,607.0,23.712,208.9
2022-01-05/18:30:57,20.51,980.1,607.0,23.712,208.8
2022-01-05/18:30:59,20.51,980.1,607.0,23.712,208.8
2022-01-05/18:31:00,20.51,980.1,607.0,23.712,208.8
2022-01-05/18:31:01,20.51,980.1,607.0,23.664,208.8
2022-01-05/18:31:02,20.51,980.1,607.0,23.664,208.8
2022-01-05/18:31:03,20.51,980.1,607.0,23.664,208.8
2022-01-05/18:31:04,20.51,980.1,607.0,23.664,208.8
2022-01-05/18:31:06,20.51,980.1,607.0,23.664,208.8
2022-01-05/18:31:07,20.51,980.1,607.0,22.872,208.8
2022-01-05/18:31:08,20.51,980.1,607.0,22.872,208.8
2022-01-05/18:31:09,20.51,980.1,607.0,22.872,208.8
2022-01-05/18:31:10,20.51,980.1,607.0,22.872,208.8
2022-01-05/18:31:12,20.51,980.1,607.0,22.872,208.8
2022-01-05/18:31:13,20.64,980.1,613.0,22.872,209.5
2022-01-05/18:31:14,20.64,980.1,613.0,22.872,209.4
2022-01-05/18:31:15,20.64,980.1,613.0,22.872,209.4
2022-01-05/18:31:16,20.64,980.1,613.0,22.872,209.6
2022-01-05/18:31:17,20.64,980.1,613.0,22.872,209.7
2022-01-05/18:31:19,20.64,980.1,613.0,24.768,209.5
2022-01-05/18:31:20,20.64,980.1,613.0,24.768,209.7
2022-01-05/18:31:21,20.64,980.1,613.0,24.768,209.6
2022-01-05/18:31:22,20.64,980.1,613.0,24.768,209.7
2022-01-05/18:31:23,20.64,980.1,613.0,24.768,209.5
2022-01-05/18:31:25,20.72,980.2,626.0,22.944,209.7
2022-01-05/18:31:26,20.72,980.2,626.0,22.944,209.7
2022-01-05/18:31:27,20.72,980.2,626.0,22.944,209.7
2022-01-05/18:31:28,20.72,980.2,626.0,22.944,209.7
2022-01-05/18:31:29,20.72,980.2,626.0,22.944,209.7
2022-01-05/18:31:30,20.72,980.2,626.0,23.328,209.7
2022-01-05/18:31:32,20.72,980.2,626.0,23.328,209.7
2022-01-05/18:31:33,20.72,980.2,626.0,23.328,209.7
2022-01-05/18:31:34,20.72,980.2,626.0,23.328,209.7
2022-01-05/18:31:35,20.72,980.2,626.0,23.328,209.7
2022-01-05/18:31:36,20.72,980.2,626.0,23.352,209.7
2022-01-05/18:31:37,20.72,980.2,626.0,23.352,209.7
2022-01-05/18:31:39,20.72,980.2,626.0,23.352,209.7
2022-01-05/18:31:40,20.72,980.2,626.0,23.352,209.7
2022-01-05/18:31:41,20.72,980.2,626.0,23.352,209.7
2022-01-05/18:31:42,20.81,980.1,639.0,23.112,209.7
2022-01-05/18:31:43,20.81,980.1,639.0,23.112,209.7
2022-01-05/18:31:45,20.81,980.1,639.0,23.112,209.7
2022-01-05/18:31:46,20.81,980.1,639.0,23.112,209.7
2022-01-05/18:31:47,20.81,980.1,639.0,23.112,209.7
2022-01-05/18:31:48,20.81,980.1,639.0,23.064,209.7
2022-01-05/18:31:49,20.81,980.1,639.0,23.064,209.5
2022-01-05/18:31:50,20.81,980.1,639.0,23.064,209.2
2022-01-05/18:31:52,20.81,980.1,639.0,23.064,209.6
2022-01-05/18:31:53,20.81,980.1,639.0,23.064,209.2
2022-01-05/18:31:54,20.9,980.2999,650.0,23.112,209.5
2022-01-05/18:31:55,20.9,980.2999,650.0,23.112,209.7
2022-01-05/18:31:56,20.9,980.2999,650.0,23.112,209.7
2022-01-05/18:31:58,20.9,980.2999,650.0,23.112,209.6
2022-01-05/18:31:59,20.9,980.2999,650.0,23.112,209.7
2022-01-05/18:32:00,20.9,980.2999,650.0,23.016,209.7
2022-01-05/18:32:01,20.9,980.2999,650.0,23.016,209.2
2022-01-05/18:32:02,20.9,980.2999,650.0,23.016,208.9
2022-01-05/18:32:03,20.9,980.2999,650.0,23.016,209.0
2022-01-05/18:32:05,20.9,980.2999,650.0,23.016,209.1
2022-01-05/18:32:06,20.9,980.2999,650.0,23.328,209.1
2022-01-05/18:32:07,20.9,980.2999,650.0,23.328,209.1
2022-01-05/18:32:08,20.9,980.2999,650.0,23.328,208.8
2022-01-05/18:32:09,20.9,980.2999,650.0,23.328,209.4
2022-01-05/18:32:10,20.9,980.2999,650.0,23.328,208.9
2022-01-05/18:32:12,20.97,980.1,658.0,23.232,208.9
2022-01-05/18:32:13,20.97,980.1,658.0,23.232,209.1
2022-01-05/18:32:14,20.97,980.1,658.0,23.232,209.1
2022-01-05/18:32:15,20.97,980.1,658.0,23.232,208.9
2022-01-05/18:32:16,20.97,980.1,658.0,23.232,209.4
2022-01-05/18:32:18,20.97,980.1,658.0,23.424,209.1
2022-01-05/18:32:19,20.97,980.1,658.0,23.424,209.2
2022-01-05/18:32:20,20.97,980.1,658.0,23.424,209.2
2022-01-05/18:32:21,20.97,980.1,658.0,23.424,208.9
2022-01-05/18:32:22,20.97,980.1,658.0,23.424,209.3
2022-01-05/18:32:24,21.05,980.1,671.0,22.944,209.5
2022-01-05/18:32:25,21.05,980.1,671.0,22.944,209.2
2022-01-05/18:32:26,21.05,980.1,671.0,22.944,209.6
2022-01-05/18:32:27,21.05,980.1,671.0,22.944,209.2
2022-01-05/18:32:28,21.05,980.1,671.0,22.944,208.8
2022-01-05/18:32:29,21.05,980.1,671.0,23.688,209.1
2022-01-05/18:32:30,21.05,980.1,671.0,23.688,209.5
2022-01-05/18:32:32,21.05,980.1,671.0,23.688,209.5
2022-01-05/18:32:33,21.05,980.1,671.0,23.688,209.7
2022-01-05/18:32:34,21.05,980.1,671.0,23.688,209.5
2022-01-05/18:32:35,21.05,980.1,671.0,23.184,209.5
2022-01-05/18:32:36,21.05,980.1,671.0,23.184,209.6
2022-01-05/18:32:38,21.05,980.1,671.0,23.184,209.7
2022-01-05/18:32:39,21.05,980.1,671.0,23.184,209.7
2022-01-05/18:32:40,21.05,980.1,671.0,23.184,209.3
2022-01-05/18:32:41,21.1,980.1,677.0,23.208,208.9
2022-01-05/18:32:42,21.1,980.1,677.0,23.208,209.1
2022-01-05/18:32:43,21.1,980.1,677.0,23.208,208.8
2022-01-05/18:32:45,21.1,980.1,677.0,23.208,209.3
2022-01-05/18:32:46,21.1,980.1,677.0,23.208,209.4
2022-01-05/18:32:47,21.1,980.1,677.0,23.448,209.5
2022-01-05/18:32:48,21.1,980.1,677.0,23.448,209.1
2022-01-05/18:32:49,21.1,980.1,677.0,23.448,208.8
2022-01-05/18:32:51,21.1,980.1,677.0,23.448,209.0
2022-01-05/18:32:52,21.1,980.1,677.0,23.448,209.0
2022-01-05/18:32:53,21.18,980.1,687.0,23.832,209.5
2022-01-05/18:32:54,21.18,980.1,687.0,23.832,209.4
2022-01-05/18:32:55,21.18,980.1,687.0,23.832,209.4
2022-01-05/18:32:56,21.18,980.1,687.0,23.832,209.5
2022-01-05/18:32:58,21.18,980.1,687.0,23.832,209.5
2022-01-05/18:32:59,21.18,980.1,687.0,23.136,209.0
2022-01-05/18:33:00,21.18,980.1,687.0,23.136,209.3
2022-01-05/18:33:01,21.18,980.1,687.0,23.136,209.4
2022-01-05/18:33:02,21.18,980.1,687.0,23.136,209.3
2022-01-05/18:33:03,21.18,980.1,687.0,23.136,209.3
2022-01-05/18:33:05,21.18,980.1,687.0,23.4,209.1
2022-01-05/18:33:06,21.18,980.1,687.0,23.4,209.2
2022-01-05/18:33:07,21.18,980.1,687.0,23.4,209.7
2022-01-05/18:33:08,25,51.0,669.0,50.0,400
2022-01-05/18:33:10,25,51.0,669.0,50.0,400
2022-01-05/18:33:12,25,51.0,669.0,50.0,400
2022-01-05/18:33:14,25,51.0,669.0,50.0,400
2022-01-05/18:33:16,25,51.0,669.0,50.0,400
2022-01-05/18:33:18,25,51.0,669.0,50.0,400
2022-01-05/18:33:20,25,51.0,669.0,50.0,400
2022-01-05/18:33:22,25,51.0,669.0,50.0,400
2022-01-05/18:33:24,25,51.0,669.0,50.0,400
2022-01-05/18:33:26,25,51.0,669.0,50.0,400
2022-01-05/18:33:28,25,51.0,669.0,50.0,400
2022-01-05/18:33:32,25,51.0,669.0,50.0,400
2022-01-05/18:33:35,25,51.0,669.0,50.0,400
2022-01-05/18:33:37,21.31,980.2,691.0,24.0,209.0
2022-01-05/18:33:38,21.31,980.2,691.0,24.0,209.3
2022-01-05/18:33:40,21.31,980.2,691.0,24.0,209.3
2022-01-05/18:33:41,21.31,980.2,691.0,24.0,209.1
2022-01-05/18:33:42,21.35,980.1,700.0,23.376,208.9
2022-01-05/18:33:43,21.35,980.1,700.0,23.376,209.0
2022-01-05/18:33:44,21.35,980.1,700.0,23.376,209.3
2022-01-05/18:33:46,21.35,980.1,700.0,23.376,209.7
2022-01-05/18:33:47,21.35,980.1,700.0,23.376,208.7
2022-01-05/18:33:48,21.35,980.1,700.0,23.76,208.5
2022-01-05/18:33:49,21.35,980.1,700.0,23.76,209.7
2022-01-05/18:33:50,21.35,980.1,700.0,23.76,209.7
2022-01-05/18:33:51,21.35,980.1,700.0,23.76,209.7
2022-01-05/18:33:53,21.35,980.1,700.0,23.76,209.7
2022-01-05/18:33:54,21.43,980.2,697.0,23.016,209.7
2022-01-05/18:33:55,21.43,980.2,697.0,23.016,209.7
2022-01-05/18:33:56,21.43,980.2,697.0,23.016,209.7
2022-01-05/18:33:57,21.43,980.2,697.0,23.016,209.7
2022-01-05/18:33:59,21.43,980.2,697.0,23.016,209.7
2022-01-05/18:34:00,21.43,980.2,697.0,22.992,209.7
2022-01-05/18:34:01,21.43,980.2,697.0,22.992,209.7
2022-01-05/18:34:02,21.43,980.2,697.0,22.992,209.7
2022-01-05/18:34:03,21.43,980.2,697.0,22.992,209.7
2022-01-05/18:34:04,21.43,980.2,697.0,22.992,209.7
2022-01-05/18:34:06,21.43,980.2,697.0,23.112,209.7
2022-01-05/18:34:07,21.43,980.2,697.0,23.112,209.7
2022-01-05/18:34:08,21.43,980.2,697.0,23.112,209.7
2022-01-05/18:34:09,21.43,980.2,697.0,23.112,209.7
2022-01-05/18:34:10,21.43,980.2,697.0,23.112,209.7
2022-01-05/18:34:11,21.48,980.1,706.0,22.92,209.7
2022-01-05/18:34:13,21.48,980.1,706.0,22.92,209.6
2022-01-05/18:34:14,21.48,980.1,706.0,22.92,208.8
2022-01-05/18:34:15,21.48,980.1,706.0,22.92,208.9
2022-01-05/18:34:16,21.48,980.1,706.0,22.92,209.7
2022-01-05/18:34:17,21.48,980.1,706.0,23.352,209.7
2022-01-05/18:34:19,21.48,980.1,706.0,23.352,209.7
2022-01-05/18:34:20,21.48,980.1,706.0,23.352,209.5
2022-01-05/18:34:21,21.48,980.1,706.0,23.352,208.8
2022-01-05/18:34:22,21.48,980.1,706.0,23.352,208.8
2022-01-05/18:34:23,21.55,980.1,717.0,22.872,208.8
2022-01-05/18:34:24,21.55,980.1,717.0,22.872,208.8
2022-01-05/18:34:26,21.55,980.1,717.0,22.872,208.8
2022-01-05/18:34:27,21.55,980.1,717.0,22.872,208.8
2022-01-05/18:34:28,21.55,980.1,717.0,22.872,208.8
2022-01-05/18:34:29,21.55,980.1,717.0,23.304,208.8
2022-01-05/18:34:30,21.55,980.1,717.0,23.304,208.8
2022-01-05/18:34:31,21.55,980.1,717.0,23.304,209.5
2022-01-05/18:34:33,21.55,980.1,717.0,23.304,209.7
2022-01-05/18:34:34,21.55,980.1,717.0,23.304,209.7
2022-01-05/18:34:35,21.55,980.1,717.0,23.52,209.7
2022-01-05/18:34:36,21.55,980.1,717.0,23.52,209.7
2022-01-05/18:34:37,21.55,980.1,717.0,23.52,209.7
2022-01-05/18:34:39,21.55,980.1,717.0,23.52,209.7
2022-01-05/18:34:40,21.55,980.1,717.0,23.52,209.7
2022-01-05/18:34:41,21.58,980.2,724.0,22.992,209.7
2022-01-05/18:34:42,21.58,980.2,724.0,22.992,209.7
2022-01-05/18:34:43,21.58,980.2,724.0,22.992,209.7
2022-01-05/18:34:44,21.58,980.2,724.0,22.992,209.7
2022-01-05/18:34:46,21.58,980.2,724.0,22.992,209.7
2022-01-05/18:34:47,21.58,980.2,724.0,23.088,209.7
2022-01-05/18:34:48,21.58,980.2,724.0,23.088,209.7
2022-01-05/18:34:49,21.58,980.2,724.0,23.088,209.7
2022-01-05/18:34:50,21.58,980.2,724.0,23.088,209.7
2022-01-05/18:34:52,21.58,980.2,724.0,23.088,209.7
2022-01-05/18:34:53,21.65,980.1,722.0,24.12,209.7
2022-01-05/18:34:54,21.65,980.1,722.0,24.12,209.7
2022-01-05/18:34:55,21.65,980.1,722.0,24.12,209.7
2022-01-05/18:34:56,21.65,980.1,722.0,24.12,209.7
2022-01-05/18:34:57,21.65,980.1,722.0,24.12,209.7
2022-01-05/18:34:59,21.65,980.1,722.0,22.488,209.7
2022-01-05/18:35:00,21.65,980.1,722.0,22.488,209.7
2022-01-05/18:35:01,21.65,980.1,722.0,22.488,209.7
2022-01-05/18:35:02,21.65,980.1,722.0,22.488,209.7
2022-01-05/18:35:03,21.65,980.1,722.0,22.488,209.6
2022-01-05/18:35:04,25,51.0,669.0,50.0,400
2022-01-05/18:35:06,25,51.0,669.0,50.0,400
2022-01-05/18:35:08,25,51.0,669.0,50.0,400
2022-01-05/18:35:10,25,51.0,669.0,50.0,400
2022-01-05/18:35:12,25,51.0,669.0,50.0,400
2022-01-05/18:35:14,25,51.0,669.0,50.0,400
2022-01-05/18:35:17,25,51.0,669.0,50.0,400
2022-01-05/18:35:20,25,51.0,669.0,50.0,400
2022-01-05/18:35:23,25,51.0,669.0,50.0,400
2022-01-05/18:35:26,25,51.0,669.0,50.0,400
2022-01-05/18:35:30,25,51.0,669.0,50.0,400
2022-01-05/18:35:33,25,51.0,669.0,50.0,400
2022-01-05/18:35:36,25,51.0,669.0,50.0,400
2022-01-05/18:35:40,25,51.0,669.0,50.0,400
2022-01-05/18:35:43,25,51.0,669.0,50.0,400
2022-01-05/18:35:47,25,51.0,669.0,50.0,400
2022-01-05/18:35:50,25,51.0,669.0,50.0,400
2022-01-05/18:35:53,25,51.0,669.0,50.0,400
2022-01-05/18:35:57,25,51.0,669.0,50.0,400
2022-01-05/18:36:00,25,51.0,669.0,50.0,400
2022-01-05/18:36:03,25,51.0,669.0,50.0,400
2022-01-05/18:36:07,25,51.0,669.0,50.0,400
2022-01-05/18:36:10,25,51.0,669.0,50.0,400
2022-01-05/18:36:13,25,51.0,669.0,50.0,400
2022-01-05/18:36:17,25,51.0,669.0,50.0,400
2022-01-05/18:36:20,25,51.0,669.0,50.0,400
2022-01-05/18:36:24,25,51.0,669.0,50.0,400
2022-01-05/18:36:27,25,51.0,669.0,50.0,400
2022-01-05/18:36:30,25,51.0,669.0,50.0,400
2022-01-05/18:36:34,25,51.0,669.0,50.0,400
2022-01-05/18:36:37,25,51.0,669.0,50.0,400
2022-01-05/18:36:40,25,51.0,669.0,50.0,400
2022-01-05/18:36:44,25,51.0,669.0,50.0,400
2022-01-05/18:36:46,25,51.0,669.0,50.0,400
2022-01-05/18:36:48,25,51.0,669.0,50.0,400
2022-01-05/18:36:51,25,51.0,669.0,50.0,400
2022-01-05/18:36:54,25,51.0,669.0,50.0,400
2022-01-05/18:36:58,25,51.0,669.0,50.0,400
2022-01-05/18:37:01,25,51.0,669.0,50.0,400