time,tempce,luftdruck,co2,laut,hell
2022-02-23/14:22:36,20.4,1002.0,1060.0,65.0,202.6
2022-02-23/14:22:37,20.4,1002.0,1060.0,66.0,202.5
2022-02-23/14:22:38,20.4,1002.0,1060.0,66.0,202.5
2022-02-23/14:22:39,20.4,1002.0,1060.0,66.0,202.5
2022-02-23/14:22:40,20.4,1002.0,1060.0,66.0,202.2
2022-02-23/14:22:41,20.4,1002.0,1060.0,65.0,201.8
2022-02-23/14:22:42,20.4,1002.0,1060.0,65.0,199.3
2022-02-23/14:22:43,20.4,1002.0,1060.0,66.0,196.5
2022-02-23/14:22:45,20.4,1002.0,1060.0,66.0,193.5
2022-02-23/14:22:46,20.4,1002.0,1060.0,65.0,191.8
2022-02-23/14:22:47,20.4,1002.0,1060.0,65.0,191.0
2022-02-23/14:22:48,20.4,1002.0,1151.0,57.0,190.1
2022-02-23/14:22:49,20.4,1002.0,1151.0,57.0,189.5
2022-02-23/14:22:50,20.4,1002.0,1151.0,65.0,191.4
2022-02-23/14:22:51,20.4,1002.0,1151.0,65.0,191.6
2022-02-23/14:22:52,20.4,1002.0,1151.0,66.0,191.7
2022-02-23/14:22:53,20.4,1002.0,1151.0,66.0,191.7
2022-02-23/14:22:54,20.4,1002.0,1151.0,64.0,191.7
2022-02-23/14:22:56,20.4,1002.0,1151.0,64.0,190.8
2022-02-23/14:22:57,20.4,1002.0,1151.0,66.0,191.2
2022-02-23/14:22:58,20.4,1002.0,1151.0,66.0,191.7
2022-02-23/14:22:59,20.4,1002.0,1151.0,65.0,191.7
2022-02-23/14:23:00,20.4,1002.0,1151.0,65.0,191.7
2022-02-23/14:23:01,20.4,1002.0,1151.0,64.0,191.9
2022-02-23/14:23:02,20.4,1002.0,1151.0,64.0,192.5
2022-02-23/14:23:03,20.4,1002.0,1214.0,61.0,193.0
2022-02-23/14:23:04,20.4,1002.0,1214.0,61.0,193.3
2022-02-23/14:23:05,20.4,1002.0,1214.0,65.0,193.6
2022-02-23/14:23:06,20.4,1002.0,1214.0,65.0,194.2
2022-02-23/14:23:08,20.4,1002.0,1214.0,63.0,195.1
2022-02-23/14:23:09,20.4,1002.0,1214.0,63.0,195.8
2022-02-23/14:23:10,20.4,1002.0,1214.0,60.0,195.0
2022-02-23/14:23:11,20.4,1002.0,1214.0,60.0,194.1
2022-02-23/14:23:12,20.4,1002.0,1214.0,65.0,193.5
2022-02-23/14:23:13,20.4,1002.0,1214.0,65.0,194.2
2022-02-23/14:23:14,20.4,1002.0,1214.0,66.0,194.0
2022-02-23/14:23:15,20.4,1002.0,1214.0,66.0,194.6
2022-02-23/14:23:16,20.5,1002.0,1266.0,64.0,195.4
2022-02-23/14:23:17,20.5,1002.0,1266.0,64.0,195.8
2022-02-23/14:23:19,20.5,1002.0,1266.0,57.0,195.8
2022-02-23/14:23:20,20.5,1002.0,1266.0,57.0,194.6
2022-02-23/14:23:21,20.5,1002.0,1266.0,66.0,196.7
2022-02-23/14:23:22,20.5,1002.0,1266.0,66.0,196.7
2022-02-23/14:23:23,20.5,1002.0,1266.0,66.0,196.7
2022-02-23/14:23:24,20.5,1002.0,1266.0,66.0,196.7
2022-02-23/14:23:25,20.5,1002.0,1266.0,66.0,197.0
2022-02-23/14:23:26,20.5,1002.0,1266.0,66.0,196.7
2022-02-23/14:23:27,20.5,1002.0,1266.0,65.0,196.7
2022-02-23/14:23:28,20.5,1002.0,1266.0,65.0,196.7
2022-02-23/14:23:29,20.5,1002.0,1266.0,65.0,196.7
2022-02-23/14:23:31,20.5,1002.0,1266.0,65.0,196.7
2022-02-23/14:23:32,20.6,1002.0,1273.0,56.0,196.4
2022-02-23/14:23:33,20.6,1002.0,1273.0,56.0,195.8
2022-02-23/14:23:34,20.6,1002.0,1273.0,64.0,195.8
2022-02-23/14:23:35,20.6,1002.0,1273.0,64.0,195.1
2022-02-23/14:23:36,20.6,1002.0,1273.0,66.0,194.8
2022-02-23/14:23:37,20.6,1002.0,1273.0,66.0,191.5
2022-02-23/14:23:38,20.6,1002.0,1273.0,66.0,189.0
2022-02-23/14:23:39,20.6,1002.0,1273.0,66.0,193.2
2022-02-23/14:23:40,20.6,1002.0,1273.0,66.0,193.2
2022-02-23/14:23:41,20.6,1002.0,1273.0,66.0,192.5
2022-02-23/14:23:43,20.6,1002.0,1273.0,65.0,191.6
2022-02-23/14:23:44,20.6,1002.0,1273.0,65.0,190.5
2022-02-23/14:23:45,20.6,1002.0,1273.0,66.0,189.9
2022-02-23/14:23:46,20.6,1002.0,1273.0,66.0,189.2
2022-02-23/14:23:47,20.6,1002.0,1244.0,60.0,188.4
2022-02-23/14:23:48,20.6,1002.0,1244.0,60.0,187.8
2022-02-23/14:23:49,20.6,1002.0,1244.0,66.0,186.6
2022-02-23/14:23:50,20.6,1002.0,1244.0,66.0,185.4
2022-02-23/14:23:51,20.6,1002.0,1244.0,66.0,184.5
2022-02-23/14:23:52,20.6,1002.0,1244.0,66.0,183.0
2022-02-23/14:23:54,20.6,1002.0,1244.0,66.0,182.1
2022-02-23/14:23:55,20.6,1002.0,1244.0,66.0,181.4
2022-02-23/14:23:56,20.6,1002.0,1244.0,66.0,180.6
2022-02-23/14:23:57,20.6,1002.0,1244.0,66.0,179.8
2022-02-23/14:23:58,20.6,1002.0,1244.0,66.0,179.4
2022-02-23/14:23:59,20.6,1002.0,1244.0,66.0,178.0
2022-02-23/14:24:00,20.6,1002.0,1244.0,66.0,176.6
2022-02-23/14:24:01,20.6,1002.0,1244.0,66.0,177.4
2022-02-23/14:24:02,20.6,1002.0,1210.0,57.0,176.7
2022-02-23/14:24:03,20.6,1002.0,1210.0,57.0,176.5
2022-02-23/14:24:05,20.6,1002.0,1210.0,66.0,175.8
2022-02-23/14:24:06,20.6,1002.0,1210.0,66.0,175.8
2022-02-23/14:24:07,20.6,1002.0,1210.0,66.0,175.0
2022-02-23/14:24:08,20.6,1002.0,1210.0,66.0,175.0
2022-02-23/14:24:09,20.6,1002.0,1210.0,66.0,175.0
2022-02-23/14:24:10,20.6,1002.0,1210.0,66.0,175.0
2022-02-23/14:24:11,20.6,1002.0,1210.0,66.0,174.9
2022-02-23/14:24:12,20.6,1002.0,1210.0,66.0,174.8
2022-02-23/14:24:13,20.6,1002.0,1210.0,65.0,174.6
2022-02-23/14:24:14,20.6,1002.0,1210.0,65.0,174.4
2022-02-23/14:24:15,20.6,1002.0,1210.0,66.0,174.7
2022-02-23/14:24:17,20.6,1002.0,1210.0,66.0,174.5
2022-02-23/14:24:18,20.7,1002.0,1158.0,56.0,174.8
2022-02-23/14:24:19,20.7,1002.0,1158.0,56.0,175.3
2022-02-23/14:24:20,20.7,1002.0,1158.0,66.0,176.2
2022-02-23/14:24:21,20.7,1002.0,1158.0,66.0,177.3
2022-02-23/14:24:22,20.7,1002.0,1158.0,66.0,177.5
2022-02-23/14:24:23,20.7,1002.0,1158.0,66.0,176.9
2022-02-23/14:24:24,20.7,1002.0,1158.0,66.0,176.4
2022-02-23/14:24:25,20.7,1002.0,1158.0,66.0,175.8
2022-02-23/14:24:26,20.7,1002.0,1158.0,65.0,176.2
2022-02-23/14:24:27,20.7,1002.0,1158.0,65.0,177.7
2022-02-23/14:24:29,20.7,1002.0,1158.0,66.0,180.3
2022-02-23/14:24:30,20.7,1002.0,1158.0,66.0,183.5
2022-02-23/14:24:31,20.7,1002.0,1158.0,65.0,186.2
2022-02-23/14:24:32,20.7,1002.0,1158.0,65.0,187.9
2022-02-23/14:24:33,20.7,1002.0,1102.0,59.0,188.7
2022-02-23/14:24:34,20.7,1002.0,1102.0,59.0,189.2
2022-02-23/14:24:35,20.7,1002.0,1102.0,66.0,189.4
2022-02-23/14:24:36,20.7,1002.0,1102.0,66.0,189.9
2022-02-23/14:24:37,20.7,1002.0,1102.0,66.0,189.6
2022-02-23/14:24:38,20.7,1002.0,1102.0,66.0,189.2
2022-02-23/14:24:40,20.7,1002.0,1102.0,66.0,188.1
2022-02-23/14:24:41,20.7,1002.0,1102.0,66.0,185.1
2022-02-23/14:24:42,20.7,1002.0,1102.0,66.0,185.8
2022-02-23/14:24:43,20.7,1002.0,1102.0,66.0,186.0
2022-02-23/14:24:44,20.7,1002.0,1102.0,65.0,186.7
2022-02-23/14:24:45,20.7,1002.0,1102.0,65.0,186.7
2022-02-23/14:24:46,20.7,1002.0,1102.0,62.0,186.7
2022-02-23/14:24:47,20.7,1002.0,1102.0,62.0,186.8
2022-02-23/14:24:48,20.7,1002.0,1054.0,62.0,187.1
2022-02-23/14:24:49,20.7,1002.0,1054.0,62.0,187.5
2022-02-23/14:24:50,20.7,1002.0,1054.0,66.0,187.6
2022-02-23/14:24:52,20.7,1002.0,1054.0,66.0,188.3
2022-02-23/14:24:53,20.7,1002.0,1054.0,66.0,189.1
2022-02-23/14:24:54,20.7,1002.0,1054.0,66.0,189.4
2022-02-23/14:24:55,20.7,1002.0,1054.0,65.0,190.0
2022-02-23/14:24:56,20.7,1002.0,1054.0,65.0,190.0
2022-02-23/14:24:57,20.7,1002.0,1054.0,66.0,190.5
2022-02-23/14:24:58,20.7,1002.0,1054.0,66.0,190.8
2022-02-23/14:24:59,20.7,1002.0,1054.0,66.0,190.8
2022-02-23/14:25:00,20.7,1002.0,1054.0,66.0,190.8
2022-02-23/14:25:01,20.8,1002.0,1010.0,64.0,190.8
2022-02-23/14:25:03,20.8,1002.0,1010.0,64.0,193.6
2022-02-23/14:25:04,20.8,1002.0,1010.0,58.0,192.2
2022-02-23/14:25:05,20.8,1002.0,1010.0,58.0,190.8
2022-02-23/14:25:06,20.8,1002.0,1010.0,66.0,189.2
2022-02-23/14:25:07,20.8,1002.0,1010.0,66.0,187.8
2022-02-23/14:25:08,20.8,1002.0,1010.0,65.0,187.4
2022-02-23/14:25:09,20.8,1002.0,1010.0,65.0,187.5
2022-02-23/14:25:10,20.8,1002.0,1010.0,66.0,188.3
2022-02-23/14:25:11,20.8,1002.0,1010.0,66.0,188.3
2022-02-23/14:25:12,20.8,1002.0,1010.0,65.0,188.3
2022-02-23/14:25:13,20.8,1002.0,1010.0,65.0,188.0
2022-02-23/14:25:15,20.8,1002.0,1010.0,66.0,187.3
2022-02-23/14:25:16,20.8,1002.0,1010.0,66.0,186.2
2022-02-23/14:25:17,20.8,1002.0,973.0,56.0,185.1
2022-02-23/14:25:18,20.8,1002.0,973.0,56.0,184.2
2022-02-23/14:25:19,20.8,1002.0,973.0,65.0,184.5
2022-02-23/14:25:20,20.8,1002.0,973.0,65.0,185.5
2022-02-23/14:25:21,20.8,1002.0,973.0,65.0,185.5
2022-02-23/14:25:22,20.8,1002.0,973.0,65.0,184.9
2022-02-23/14:25:23,20.8,1002.0,973.0,66.0,184.2
2022-02-23/14:25:24,20.8,1002.0,973.0,66.0,182.8
2022-02-23/14:25:26,20.8,1002.0,973.0,65.0,181.8
2022-02-23/14:25:27,20.8,1002.0,973.0,65.0,180.5
2022-02-23/14:25:28,20.8,1002.0,973.0,66.0,180.0
2022-02-23/14:25:29,20.8,1002.0,973.0,66.0,180.4
2022-02-23/14:25:30,20.8,1002.0,973.0,65.0,181.0
2022-02-23/14:25:31,20.8,1002.0,973.0,65.0,182.1
2022-02-23/14:25:32,20.8,1001.0,940.0,57.0,182.4
2022-02-23/14:25:33,20.8,1001.0,940.0,57.0,183.0
2022-02-23/14:25:34,20.8,1001.0,940.0,66.0,182.7
2022-02-23/14:25:35,20.8,1001.0,940.0,66.0,182.5
2022-02-23/14:25:36,20.8,1001.0,940.0,66.0,182.3
2022-02-23/14:25:38,20.8,1001.0,940.0,66.0,181.8
2022-02-23/14:25:39,20.8,1001.0,940.0,66.0,181.7
2022-02-23/14:25:40,20.8,1001.0,940.0,66.0,181.7
2022-02-23/14:25:41,20.8,1001.0,940.0,67.0,181.7
2022-02-23/14:25:42,20.8,1001.0,940.0,67.0,181.7
2022-02-23/14:25:43,20.8,1001.0,940.0,66.0,181.7
2022-02-23/14:25:44,20.8,1001.0,940.0,66.0,181.7
2022-02-23/14:25:45,20.8,1001.0,940.0,66.0,181.7
2022-02-23/14:25:46,20.8,1001.0,940.0,66.0,181.7
2022-02-23/14:25:47,20.9,1002.0,911.0,55.0,181.6
2022-02-23/14:25:49,20.9,1002.0,911.0,55.0,181.7
2022-02-23/14:25:50,20.9,1002.0,911.0,66.0,181.0
2022-02-23/14:25:51,20.9,1002.0,911.0,66.0,181.0
2022-02-23/14:25:52,20.9,1002.0,911.0,66.0,180.9
2022-02-23/14:25:53,20.9,1002.0,911.0,66.0,181.2
2022-02-23/14:25:54,20.9,1002.0,911.0,66.0,181.7
2022-02-23/14:25:55,20.9,1002.0,911.0,66.0,181.7
2022-02-23/14:25:56,20.9,1002.0,911.0,66.0,182.5
2022-02-23/14:25:57,20.9,1002.0,911.0,66.0,182.5
2022-02-23/14:25:58,20.9,1002.0,911.0,66.0,182.7
2022-02-23/14:25:59,20.9,1002.0,911.0,66.0,183.2
2022-02-23/14:26:01,20.9,1002.0,911.0,66.0,183.3
2022-02-23/14:26:02,20.9,1002.0,911.0,66.0,183.4
2022-02-23/14:26:03,20.9,1002.0,887.0,58.0,184.2
2022-02-23/14:26:04,20.9,1002.0,887.0,58.0,184.2
2022-02-23/14:26:05,20.9,1002.0,887.0,66.0,184.6
2022-02-23/14:26:06,20.9,1002.0,887.0,66.0,185.0
2022-02-23/14:26:07,20.9,1002.0,887.0,66.0,185.1
2022-02-23/14:26:08,20.9,1002.0,887.0,66.0,185.8
2022-02-23/14:26:09,20.9,1002.0,887.0,65.0,186.4
2022-02-23/14:26:10,20.9,1002.0,887.0,65.0,186.7
2022-02-23/14:26:12,20.9,1002.0,887.0,66.0,187.1
2022-02-23/14:26:13,20.9,1002.0,887.0,66.0,187.5
2022-02-23/14:26:14,20.9,1002.0,887.0,66.0,187.6
2022-02-23/14:26:15,20.9,1002.0,887.0,66.0,188.3
2022-02-23/14:26:16,20.9,1002.0,887.0,65.0,188.3
2022-02-23/14:26:17,20.9,1002.0,887.0,65.0,188.6
2022-02-23/14:26:18,21.0,1002.0,871.0,59.0,189.2
2022-02-23/14:26:19,21.0,1002.0,871.0,59.0,189.2
2022-02-23/14:26:20,21.0,1002.0,871.0,65.0,189.2
2022-02-23/14:26:21,21.0,1002.0,871.0,65.0,189.7
2022-02-23/14:26:22,21.0,1002.0,871.0,66.0,189.5
2022-02-23/14:26:24,21.0,1002.0,871.0,66.0,188.5
2022-02-23/14:26:25,21.0,1002.0,871.0,65.0,187.3
2022-02-23/14:26:26,21.0,1002.0,871.0,65.0,186.0
2022-02-23/14:26:27,21.0,1002.0,871.0,66.0,185.0
2022-02-23/14:26:28,21.0,1002.0,871.0,66.0,184.4
2022-02-23/14:26:29,21.0,1002.0,871.0,66.0,183.1
2022-02-23/14:26:30,21.0,1002.0,871.0,66.0,181.4
2022-02-23/14:26:31,21.0,1002.0,871.0,62.0,179.4
2022-02-23/14:26:32,21.0,1002.0,871.0,62.0,178.0
2022-02-23/14:26:33,21.0,1002.0,861.0,59.0,176.6
2022-02-23/14:26:34,21.0,1002.0,861.0,59.0,175.8
2022-02-23/14:26:36,21.0,1002.0,861.0,67.0,175.0
2022-02-23/14:26:37,21.0,1002.0,861.0,67.0,174.9
2022-02-23/14:26:38,21.0,1002.0,861.0,65.0,174.2
2022-02-23/14:26:39,21.0,1002.0,861.0,65.0,174.2
2022-02-23/14:26:40,21.0,1002.0,861.0,66.0,174.0
2022-02-23/14:26:41,21.0,1002.0,861.0,66.0,173.4
2022-02-23/14:26:42,21.0,1002.0,861.0,66.0,173.3
2022-02-23/14:26:43,21.0,1002.0,861.0,66.0,173.3
2022-02-23/14:26:44,21.0,1002.0,861.0,66.0,174.0
2022-02-23/14:26:45,21.0,1002.0,861.0,66.0,173.3
2022-02-23/14:26:47,21.0,1001.0,857.0,62.0,173.3
2022-02-23/14:26:48,21.0,1001.0,857.0,62.0,173.6
2022-02-23/14:26:49,21.0,1001.0,857.0,59.0,174.2
2022-02-23/14:26:50,21.0,1001.0,857.0,59.0,174.2
2022-02-23/14:26:51,21.0,1001.0,857.0,66.0,174.3
2022-02-23/14:26:52,21.0,1001.0,857.0,66.0,174.7
2022-02-23/14:26:53,21.0,1001.0,857.0,66.0,175.0
2022-02-23/14:26:54,21.0,1001.0,857.0,66.0,175.4
2022-02-23/14:26:55,21.0,1001.0,857.0,66.0,175.8
2022-02-23/14:26:56,21.0,1001.0,857.0,66.0,175.8
2022-02-23/14:26:57,21.0,1001.0,857.0,66.0,175.8
2022-02-23/14:26:59,21.0,1001.0,857.0,66.0,175.8
2022-02-23/14:27:00,21.0,1001.0,857.0,66.0,175.9
2022-02-23/14:27:01,21.0,1001.0,857.0,66.0,176.6
2022-02-23/14:27:02,21.0,1002.0,846.0,59.0,176.7
2022-02-23/14:27:03,21.0,1002.0,846.0,59.0,176.7
2022-02-23/14:27:04,21.0,1002.0,846.0,66.0,176.7
2022-02-23/14:27:05,21.0,1002.0,846.0,66.0,176.7
2022-02-23/14:27:06,21.0,1002.0,846.0,65.0,176.9
2022-02-23/14:27:07,21.0,1002.0,846.0,65.0,177.7
2022-02-23/14:27:08,21.0,1002.0,846.0,66.0,179.3
2022-02-23/14:27:10,21.0,1002.0,846.0,66.0,182.1
2022-02-23/14:27:11,21.0,1002.0,846.0,66.0,185.4
2022-02-23/14:27:12,21.0,1002.0,846.0,66.0,188.5
2022-02-23/14:27:13,21.0,1002.0,846.0,66.0,190.7
2022-02-23/14:27:14,21.0,1002.0,846.0,66.0,190.6
2022-02-23/14:27:15,21.0,1002.0,846.0,65.0,189.2
2022-02-23/14:27:16,21.0,1002.0,846.0,65.0,191.6
2022-02-23/14:27:17,21.0,1002.0,841.0,55.0,194.3
2022-02-23/14:27:18,21.0,1002.0,841.0,55.0,195.4
2022-02-23/14:27:19,21.0,1002.0,841.0,66.0,196.2
2022-02-23/14:27:20,21.0,1002.0,841.0,66.0,196.9
2022-02-23/14:27:22,21.0,1002.0,841.0,66.0,197.7
2022-02-23/14:27:23,21.0,1002.0,841.0,66.0,198.4
2022-02-23/14:27:24,21.0,1002.0,841.0,65.0,199.2
2022-02-23/14:27:25,21.0,1002.0,841.0,65.0,199.9
2022-02-23/14:27:26,21.0,1002.0,841.0,66.0,200.4
2022-02-23/14:27:27,21.0,1002.0,841.0,66.0,200.8
2022-02-23/14:27:28,21.0,1002.0,841.0,65.0,201.7
2022-02-23/14:27:29,21.0,1002.0,841.0,65.0,201.7
2022-02-23/14:27:30,21.0,1002.0,841.0,66.0,202.4
2022-02-23/14:27:31,21.0,1002.0,841.0,66.0,202.5
2022-02-23/14:27:33,21.1,1002.0,836.0,57.0,202.7
2022-02-23/14:27:34,21.1,1002.0,836.0,57.0,203.3
2022-02-23/14:27:35,21.1,1002.0,836.0,66.0,203.4
2022-02-23/14:27:36,21.1,1002.0,836.0,66.0,203.4
2022-02-23/14:27:37,21.1,1002.0,836.0,65.0,203.6
2022-02-23/14:27:38,21.1,1002.0,836.0,65.0,203.4
2022-02-23/14:27:39,21.1,1002.0,836.0,65.0,204.2
2022-02-23/14:27:40,21.1,1002.0,836.0,65.0,204.2
2022-02-23/14:27:41,21.1,1002.0,836.0,66.0,204.2
2022-02-23/14:27:42,21.1,1002.0,836.0,66.0,203.9
2022-02-23/14:27:43,21.1,1002.0,836.0,66.0,203.3
2022-02-23/14:27:45,21.1,1002.0,836.0,66.0,203.3
2022-02-23/14:27:46,21.1,1002.0,836.0,66.0,203.3
2022-02-23/14:27:47,21.1,1002.0,836.0,66.0,203.3
2022-02-23/14:27:48,21.1,1002.0,833.0,57.0,202.7
2022-02-23/14:27:49,21.1,1002.0,833.0,57.0,199.9
2022-02-23/14:27:50,21.1,1002.0,833.0,66.0,201.0
2022-02-23/14:27:51,21.1,1002.0,833.0,66.0,201.0
2022-02-23/14:27:52,21.1,1002.0,833.0,65.0,199.8
2022-02-23/14:27:53,21.1,1002.0,833.0,65.0,199.1
2022-02-23/14:27:54,21.1,1002.0,833.0,65.0,198.0
2022-02-23/14:27:56,21.1,1002.0,833.0,65.0,197.1
2022-02-23/14:27:57,21.1,1002.0,833.0,66.0,196.7
2022-02-23/14:27:58,21.1,1002.0,833.0,66.0,195.8
2022-02-23/14:27:59,21.1,1002.0,833.0,60.0,195.8
2022-02-23/14:28:00,21.1,1002.0,833.0,60.0,195.8
2022-02-23/14:28:01,21.1,1002.0,833.0,63.0,195.8
2022-02-23/14:28:02,21.1,1002.0,833.0,63.0,195.2
2022-02-23/14:28:03,21.2,1002.0,826.0,56.0,195.0
2022-02-23/14:28:04,21.2,1002.0,826.0,56.0,195.6
2022-02-23/14:28:05,21.2,1002.0,826.0,66.0,195.8
2022-02-23/14:28:06,21.2,1002.0,826.0,66.0,195.0
2022-02-23/14:28:08,21.2,1002.0,826.0,61.0,193.8
2022-02-23/14:28:09,21.2,1002.0,826.0,61.0,192.4
2022-02-23/14:28:10,21.2,1002.0,826.0,64.0,191.1
2022-02-23/14:28:11,21.2,1002.0,826.0,64.0,190.4
2022-02-23/14:28:12,21.2,1002.0,826.0,66.0,191.9
2022-02-23/14:28:13,21.2,1002.0,826.0,66.0,192.5
2022-02-23/14:28:14,21.2,1002.0,826.0,66.0,192.5
2022-02-23/14:28:15,21.2,1002.0,826.0,66.0,192.5
2022-02-23/14:28:16,21.2,1002.0,826.0,63.0,192.5
2022-02-23/14:28:17,21.2,1002.0,826.0,63.0,191.8
2022-02-23/14:28:19,21.2,1002.0,825.0,61.0,191.2
2022-02-23/14:28:20,21.2,1002.0,825.0,61.0,190.8
2022-02-23/14:28:21,21.2,1002.0,825.0,66.0,190.8
2022-02-23/14:28:22,21.2,1002.0,825.0,66.0,191.2
2022-02-23/14:28:23,21.2,1002.0,825.0,66.0,191.6
2022-02-23/14:28:24,21.2,1002.0,825.0,66.0,190.2
2022-02-23/14:28:25,21.2,1002.0,825.0,66.0,187.8
2022-02-23/14:28:26,21.2,1002.0,825.0,66.0,185.2
2022-02-23/14:28:27,21.2,1002.0,825.0,65.0,182.9
2022-02-23/14:28:28,21.2,1002.0,825.0,65.0,181.1
2022-02-23/14:28:29,21.2,1002.0,825.0,66.0,179.8
2022-02-23/14:28:31,21.2,1002.0,825.0,66.0,178.6
2022-02-23/14:28:32,21.2,1002.0,822.0,63.0,178.1
2022-02-23/14:28:33,21.2,1002.0,822.0,63.0,177.5
2022-02-23/14:28:34,21.2,1002.0,822.0,61.0,177.4
2022-02-23/14:28:35,21.2,1002.0,822.0,61.0,176.7
2022-02-23/14:28:36,21.2,1002.0,822.0,65.0,176.7
2022-02-23/14:28:37,21.2,1002.0,822.0,65.0,176.7
2022-02-23/14:28:38,21.2,1002.0,822.0,66.0,177.3
2022-02-23/14:28:39,21.2,1002.0,822.0,66.0,177.5
2022-02-23/14:28:40,21.2,1002.0,822.0,66.0,178.2
2022-02-23/14:28:42,21.2,1002.0,822.0,66.0,178.6
2022-02-23/14:28:43,21.2,1002.0,822.0,66.0,179.2
2022-02-23/14:28:44,21.2,1002.0,822.0,66.0,178.4
2022-02-23/14:28:45,21.2,1002.0,822.0,66.0,178.3
2022-02-23/14:28:46,21.2,1002.0,822.0,66.0,177.6
2022-02-23/14:28:47,21.2,1002.0,816.0,56.0,177.3
2022-02-23/14:28:48,21.2,1002.0,816.0,56.0,176.8
2022-02-23/14:28:49,21.2,1002.0,816.0,65.0,176.0
2022-02-23/14:28:50,21.2,1002.0,816.0,65.0,175.8
2022-02-23/14:28:51,21.2,1002.0,816.0,66.0,175.1
2022-02-23/14:28:53,21.2,1002.0,816.0,66.0,174.7
2022-02-23/14:28:54,21.2,1002.0,816.0,66.0,173.5
2022-02-23/14:28:55,21.2,1002.0,816.0,66.0,172.0
2022-02-23/14:28:56,21.2,1002.0,816.0,64.0,170.1
2022-02-23/14:28:57,21.2,1002.0,816.0,64.0,168.8
2022-02-23/14:28:58,21.2,1002.0,816.0,66.0,168.3
2022-02-23/14:28:59,21.2,1002.0,816.0,66.0,168.3
2022-02-23/14:29:00,21.2,1002.0,816.0,66.0,168.3
2022-02-23/14:29:01,21.2,1002.0,816.0,66.0,168.3
2022-02-23/14:29:02,21.2,1002.0,817.0,56.0,168.6
2022-02-23/14:29:03,21.2,1002.0,817.0,56.0,168.5
2022-02-23/14:29:05,21.2,1002.0,817.0,66.0,168.3
2022-02-23/14:29:06,21.2,1002.0,817.0,66.0,168.3
2022-02-23/14:29:07,21.2,1002.0,817.0,66.0,167.9
2022-02-23/14:29:08,21.2,1002.0,817.0,66.0,167.6
2022-02-23/14:29:09,21.2,1002.0,817.0,66.0,168.3
2022-02-23/14:29:10,21.2,1002.0,817.0,66.0,168.3
2022-02-23/14:29:11,21.2,1002.0,817.0,66.0,168.2
2022-02-23/14:29:12,21.2,1002.0,817.0,66.0,167.5
2022-02-23/14:29:13,21.2,1002.0,817.0,66.0,167.7
2022-02-23/14:29:14,21.2,1002.0,817.0,66.0,168.3
2022-02-23/14:29:15,21.2,1002.0,817.0,65.0,168.3
2022-02-23/14:29:17,21.2,1002.0,817.0,65.0,168.6
2022-02-23/14:29:18,21.2,1002.0,817.0,58.0,168.4
2022-02-23/14:29:19,21.2,1002.0,817.0,58.0,169.0
2022-02-23/14:29:20,21.2,1002.0,817.0,65.0,168.4
2022-02-23/14:29:21,21.2,1002.0,817.0,65.0,168.9
2022-02-23/14:29:22,21.2,1002.0,817.0,67.0,169.1
2022-02-23/14:29:23,21.2,1002.0,817.0,67.0,169.2
2022-02-23/14:29:24,21.2,1002.0,817.0,65.0,169.2
2022-02-23/14:29:25,21.2,1002.0,817.0,65.0,169.1
2022-02-23/14:29:26,21.2,1002.0,817.0,67.0,168.4
2022-02-23/14:29:27,21.2,1002.0,817.0,67.0,168.3
2022-02-23/14:29:29,21.2,1002.0,817.0,66.0,168.3
2022-02-23/14:29:30,21.2,1002.0,817.0,66.0,168.3
2022-02-23/14:29:31,21.2,1002.0,817.0,65.0,168.3
2022-02-23/14:29:32,21.2,1002.0,817.0,65.0,167.9
2022-02-23/14:29:33,21.3,1002.0,824.0,57.0,168.3
2022-02-23/14:29:34,21.3,1002.0,824.0,57.0,168.3
2022-02-23/14:29:35,21.3,1002.0,824.0,65.0,168.3
2022-02-23/14:29:36,21.3,1002.0,824.0,65.0,168.3
2022-02-23/14:29:37,21.3,1002.0,824.0,66.0,168.3
2022-02-23/14:29:38,21.3,1002.0,824.0,66.0,168.3
2022-02-23/14:29:40,21.3,1002.0,824.0,66.0,168.3
2022-02-23/14:29:41,21.3,1002.0,824.0,66.0,168.3
2022-02-23/14:29:42,21.3,1002.0,824.0,66.0,168.7
2022-02-23/14:29:43,21.3,1002.0,824.0,66.0,169.2
2022-02-23/14:29:44,21.3,1002.0,824.0,66.0,169.2
2022-02-23/14:29:45,21.3,1002.0,824.0,66.0,169.4
2022-02-23/14:29:46,21.3,1002.0,824.0,64.0,169.2
2022-02-23/14:29:47,21.3,1002.0,824.0,64.0,169.2
2022-02-23/14:29:48,21.3,1002.0,833.0,57.0,169.2
2022-02-23/14:29:49,21.3,1002.0,833.0,57.0,169.2
2022-02-23/14:29:50,21.3,1002.0,833.0,65.0,169.2
2022-02-23/14:29:52,21.3,1002.0,833.0,65.0,169.2
2022-02-23/14:29:53,21.3,1002.0,833.0,61.0,169.6
2022-02-23/14:29:54,21.3,1002.0,833.0,61.0,170.0
2022-02-23/14:29:55,21.3,1002.0,833.0,65.0,170.0
2022-02-23/14:29:56,21.3,1002.0,833.0,65.0,170.0
2022-02-23/14:29:57,21.3,1002.0,833.0,66.0,170.7
2022-02-23/14:29:58,21.3,1002.0,833.0,66.0,170.8
2022-02-23/14:29:59,21.3,1002.0,833.0,66.0,170.8
2022-02-23/14:30:00,21.3,1002.0,833.0,66.0,171.0
2022-02-23/14:30:01,21.3,1002.0,841.0,62.0,171.7
2022-02-23/14:30:03,21.3,1002.0,841.0,62.0,172.6
2022-02-23/14:30:04,21.3,1002.0,841.0,60.0,174.4
2022-02-23/14:30:05,21.3,1002.0,841.0,60.0,175.7
2022-02-23/14:30:06,21.3,1002.0,841.0,67.0,175.8
2022-02-23/14:30:07,21.3,1002.0,841.0,67.0,176.5
2022-02-23/14:30:08,21.3,1002.0,841.0,67.0,176.7
2022-02-23/14:30:09,21.3,1002.0,841.0,67.0,176.7
2022-02-23/14:30:10,21.3,1002.0,841.0,67.0,177.4
2022-02-23/14:30:11,21.3,1002.0,841.0,67.0,177.5
2022-02-23/14:30:12,21.3,1002.0,841.0,66.0,177.5
2022-02-23/14:30:13,21.3,1002.0,841.0,66.0,177.6
2022-02-23/14:30:15,21.3,1002.0,841.0,66.0,177.9
2022-02-23/14:30:16,21.3,1002.0,841.0,66.0,178.1
2022-02-23/14:30:17,21.3,1002.0,846.0,60.0,177.9
2022-02-23/14:30:18,21.3,1002.0,846.0,60.0,176.6
2022-02-23/14:30:19,21.3,1002.0,846.0,59.0,174.9
2022-02-23/14:30:20,21.3,1002.0,846.0,59.0,175.0
2022-02-23/14:30:21,21.3,1002.0,846.0,64.0,175.0
2022-02-23/14:30:22,21.3,1002.0,846.0,64.0,175.0
2022-02-23/14:30:23,21.3,1002.0,846.0,65.0,175.5
2022-02-23/14:30:24,21.3,1002.0,846.0,65.0,175.8
2022-02-23/14:30:26,21.3,1002.0,846.0,66.0,175.8
2022-02-23/14:30:27,21.3,1002.0,846.0,66.0,175.8
2022-02-23/14:30:28,21.3,1002.0,846.0,66.0,175.8
2022-02-23/14:30:29,21.3,1002.0,846.0,66.0,175.8
2022-02-23/14:30:30,21.3,1002.0,846.0,66.0,175.8
2022-02-23/14:30:31,21.3,1002.0,846.0,66.0,175.8
2022-02-23/14:30:32,21.3,1002.0,842.0,58.0,175.8
2022-02-23/14:30:33,21.3,1002.0,842.0,58.0,175.8
2022-02-23/14:30:34,21.3,1002.0,842.0,66.0,175.8
2022-02-23/14:30:35,21.3,1002.0,842.0,66.0,175.8
2022-02-23/14:30:36,21.3,1002.0,842.0,66.0,175.6
2022-02-23/14:30:38,21.3,1002.0,842.0,66.0,175.4
2022-02-23/14:30:39,21.3,1002.0,842.0,66.0,175.1
2022-02-23/14:30:40,21.3,1002.0,842.0,66.0,175.0
2022-02-23/14:30:41,21.3,1002.0,842.0,66.0,174.9
2022-02-23/14:30:42,21.3,1002.0,842.0,66.0,174.2
2022-02-23/14:30:43,21.3,1002.0,842.0,66.0,174.2
2022-02-23/14:30:44,21.3,1002.0,842.0,66.0,173.4
2022-02-23/14:30:45,21.3,1002.0,842.0,66.0,172.9
2022-02-23/14:30:46,21.3,1002.0,842.0,66.0,172.5
2022-02-23/14:30:47,21.4,1002.0,838.0,57.0,171.9
2022-02-23/14:30:49,21.4,1002.0,838.0,57.0,172.3
2022-02-23/14:30:50,21.4,1002.0,838.0,65.0,172.2
2022-02-23/14:30:51,21.4,1002.0,838.0,65.0,170.7
2022-02-23/14:30:52,21.4,1002.0,838.0,66.0,169.2
2022-02-23/14:30:53,21.4,1002.0,838.0,66.0,169.2
2022-02-23/14:30:54,21.4,1002.0,838.0,64.0,165.3
2022-02-23/14:30:55,21.4,1002.0,838.0,64.0,164.1
2022-02-23/14:30:56,21.4,1002.0,838.0,66.0,165.0
2022-02-23/14:30:57,21.4,1002.0,838.0,66.0,165.2
2022-02-23/14:30:58,21.4,1002.0,838.0,66.0,165.8
2022-02-23/14:30:59,21.4,1002.0,838.0,66.0,165.8
2022-02-23/14:31:01,21.4,1002.0,838.0,66.0,164.6
2022-02-23/14:31:02,21.4,1002.0,838.0,66.0,161.0
2022-02-23/14:31:03,21.4,1002.0,839.0,56.0,159.5
2022-02-23/14:31:04,21.4,1002.0,839.0,56.0,157.4
2022-02-23/14:31:05,21.4,1002.0,839.0,65.0,156.1
2022-02-23/14:31:06,21.4,1002.0,839.0,65.0,155.1
2022-02-23/14:31:07,21.4,1002.0,839.0,66.0,154.2
2022-02-23/14:31:08,21.4,1002.0,839.0,66.0,153.0
2022-02-23/14:31:09,21.4,1002.0,839.0,66.0,151.5
2022-02-23/14:31:10,21.4,1002.0,839.0,66.0,149.5
2022-02-23/14:31:12,21.4,1002.0,839.0,65.0,148.3
2022-02-23/14:31:13,21.4,1002.0,839.0,65.0,148.2
2022-02-23/14:31:14,21.4,1002.0,839.0,66.0,148.2
2022-02-23/14:31:15,21.4,1002.0,839.0,66.0,148.0
2022-02-23/14:31:16,21.4,1002.0,839.0,67.0,147.3
2022-02-23/14:31:17,21.4,1002.0,839.0,67.0,145.0
2022-02-23/14:31:18,21.4,1002.0,840.0,55.0,143.3
2022-02-23/14:31:19,21.4,1002.0,840.0,55.0,142.7
2022-02-23/14:31:20,21.4,1002.0,840.0,68.0,142.5
2022-02-23/14:31:21,21.4,1002.0,840.0,68.0,142.5
2022-02-23/14:31:22,21.4,1002.0,840.0,65.0,142.8
2022-02-23/14:31:24,21.4,1002.0,840.0,65.0,142.7
2022-02-23/14:31:25,21.4,1002.0,840.0,66.0,142.2
2022-02-23/14:31:26,21.4,1002.0,840.0,66.0,140.9
2022-02-23/14:31:27,21.4,1002.0,840.0,67.0,140.7
2022-02-23/14:31:28,21.4,1002.0,840.0,67.0,140.1
2022-02-23/14:31:29,21.4,1002.0,840.0,66.0,140.0
2022-02-23/14:31:30,21.4,1002.0,840.0,66.0,139.3
2022-02-23/14:31:31,21.4,1002.0,840.0,66.0,139.2
2022-02-23/14:31:32,21.4,1002.0,840.0,66.0,138.5
2022-02-23/14:31:33,21.4,1002.0,841.0,56.0,138.2
2022-02-23/14:31:34,21.4,1002.0,841.0,56.0,137.5
2022-02-23/14:31:36,21.4,1002.0,841.0,67.0,137.5
2022-02-23/14:31:37,21.4,1002.0,841.0,67.0,137.5
2022-02-23/14:31:38,21.4,1002.0,841.0,67.0,137.2
2022-02-23/14:31:39,21.4,1002.0,841.0,67.0,136.7
2022-02-23/14:31:40,21.4,1002.0,841.0,67.0,136.7
2022-02-23/14:31:41,21.4,1002.0,841.0,67.0,136.5
2022-02-23/14:31:42,21.4,1002.0,841.0,66.0,136.6
2022-02-23/14:31:43,21.4,1002.0,841.0,66.0,136.8
2022-02-23/14:31:44,21.4,1002.0,841.0,68.0,138.2
2022-02-23/14:31:45,21.4,1002.0,841.0,68.0,140.3
2022-02-23/14:31:47,21.4,1002.0,849.0,63.0,142.6
2022-02-23/14:31:48,21.4,1002.0,849.0,63.0,143.1
2022-02-23/14:31:49,21.4,1002.0,849.0,60.0,141.8
2022-02-23/14:31:50,21.4,1002.0,849.0,60.0,139.3
2022-02-23/14:31:51,21.4,1002.0,849.0,66.0,136.7
2022-02-23/14:31:52,21.4,1002.0,849.0,66.0,135.0
2022-02-23/14:31:53,21.4,1002.0,849.0,66.0,133.7
2022-02-23/14:31:54,21.4,1002.0,849.0,66.0,133.1
2022-02-23/14:31:55,21.4,1002.0,849.0,66.0,132.4
2022-02-23/14:31:56,21.4,1002.0,849.0,66.0,131.8
2022-02-23/14:31:57,21.4,1002.0,849.0,66.0,132.0
2022-02-23/14:31:59,21.4,1002.0,849.0,66.0,131.7
2022-02-23/14:32:00,21.4,1002.0,849.0,66.0,131.7
2022-02-23/14:32:01,21.4,1002.0,849.0,66.0,131.5
2022-02-23/14:32:02,21.5,1002.0,848.0,66.0,130.8
2022-02-23/14:32:03,21.5,1002.0,848.0,66.0,130.8
2022-02-23/14:32:04,21.5,1002.0,848.0,62.0,130.5
2022-02-23/14:32:05,21.5,1002.0,848.0,62.0,130.0
2022-02-23/14:32:06,21.5,1002.0,848.0,66.0,129.3
2022-02-23/14:32:07,21.5,1002.0,848.0,66.0,129.1
2022-02-23/14:32:08,21.5,1002.0,848.0,66.0,129.2
2022-02-23/14:32:10,21.5,1002.0,848.0,66.0,129.2
2022-02-23/14:32:11,21.5,1002.0,848.0,66.0,129.2
2022-02-23/14:32:12,21.5,1002.0,848.0,66.0,128.6
2022-02-23/14:32:13,21.5,1002.0,848.0,66.0,128.7
2022-02-23/14:32:14,21.5,1002.0,848.0,66.0,128.3
2022-02-23/14:32:15,21.5,1002.0,848.0,68.0,128.3
2022-02-23/14:32:16,21.5,1002.0,848.0,68.0,128.3
2022-02-23/14:32:17,21.4,1001.0,844.0,56.0,128.3
2022-02-23/14:32:18,21.4,1001.0,844.0,56.0,128.3
2022-02-23/14:32:19,21.4,1001.0,844.0,66.0,126.9
2022-02-23/14:32:21,21.4,1001.0,844.0,66.0,128.7
2022-02-23/14:32:22,21.4,1001.0,844.0,65.0,130.1
2022-02-23/14:32:23,21.4,1001.0,844.0,65.0,131.2
2022-02-23/14:32:24,21.4,1001.0,844.0,66.0,131.8
2022-02-23/14:32:25,21.4,1001.0,844.0,66.0,132.5
2022-02-23/14:32:26,21.4,1001.0,844.0,66.0,132.5
2022-02-23/14:32:27,21.4,1001.0,844.0,66.0,131.2
2022-02-23/14:32:28,21.4,1001.0,844.0,66.0,129.6
2022-02-23/14:32:29,21.4,1001.0,844.0,66.0,128.2
2022-02-23/14:32:30,21.4,1001.0,844.0,66.0,127.5
2022-02-23/14:32:31,21.4,1001.0,844.0,66.0,127.0
2022-02-23/14:32:33,21.4,1002.0,845.0,56.0,127.3
2022-02-23/14:32:34,21.4,1002.0,845.0,56.0,128.1
2022-02-23/14:32:35,21.4,1002.0,845.0,66.0,129.2
2022-02-23/14:32:36,21.4,1002.0,845.0,66.0,129.1
2022-02-23/14:32:37,21.4,1002.0,845.0,66.0,128.2
2022-02-23/14:32:38,21.4,1002.0,845.0,66.0,127.5
2022-02-23/14:32:39,21.4,1002.0,845.0,66.0,127.9
2022-02-23/14:32:40,21.4,1002.0,845.0,66.0,128.9
2022-02-23/14:32:41,21.4,1002.0,845.0,66.0,130.4
2022-02-23/14:32:42,21.4,1002.0,845.0,66.0,130.3
2022-02-23/14:32:43,21.4,1002.0,845.0,61.0,130.5
2022-02-23/14:32:45,21.4,1002.0,845.0,61.0,130.7
2022-02-23/14:32:46,21.4,1002.0,845.0,63.0,130.6
2022-02-23/14:32:47,21.4,1002.0,845.0,63.0,131.8
2022-02-23/14:32:48,21.4,1002.0,837.0,56.0,127.4
2022-02-23/14:32:49,21.4,1002.0,837.0,56.0,132.4
2022-02-23/14:32:50,21.4,1002.0,837.0,64.0,133.3
2022-02-23/14:32:51,21.4,1002.0,837.0,64.0,133.3
2022-02-23/14:32:52,21.4,1002.0,837.0,66.0,132.7
2022-02-23/14:32:53,21.4,1002.0,837.0,66.0,132.4
2022-02-23/14:32:54,21.4,1002.0,837.0,65.0,132.3
2022-02-23/14:32:56,21.4,1002.0,837.0,65.0,132.5
2022-02-23/14:32:57,21.4,1002.0,837.0,57.0,132.0
2022-02-23/14:32:58,21.4,1002.0,837.0,57.0,130.0
2022-02-23/14:32:59,21.4,1002.0,837.0,62.0,130.0
2022-02-23/14:33:00,21.4,1002.0,837.0,62.0,130.0
2022-02-23/14:33:01,21.4,1002.0,837.0,63.0,130.0
2022-02-23/14:33:02,21.4,1002.0,837.0,63.0,130.0
2022-02-23/14:33:03,21.5,1002.0,832.0,61.0,129.8
2022-02-23/14:33:04,21.5,1002.0,832.0,61.0,130.3
2022-02-23/14:33:05,21.5,1002.0,832.0,66.0,130.8
2022-02-23/14:33:06,21.5,1002.0,832.0,66.0,130.8
2022-02-23/14:33:08,21.5,1002.0,832.0,66.0,130.8
2022-02-23/14:33:09,21.5,1002.0,832.0,66.0,130.8
2022-02-23/14:33:10,21.5,1002.0,832.0,66.0,130.8
2022-02-23/14:33:11,21.5,1002.0,832.0,66.0,130.8
2022-02-23/14:33:12,21.5,1002.0,832.0,66.0,130.8
2022-02-23/14:33:13,21.5,1002.0,832.0,66.0,130.5
2022-02-23/14:33:14,21.5,1002.0,832.0,66.0,129.2
2022-02-23/14:33:15,21.5,1002.0,832.0,66.0,129.2
2022-02-23/14:33:16,21.5,1002.0,832.0,66.0,130.2
2022-02-23/14:33:17,21.5,1002.0,832.0,66.0,130.1
2022-02-23/14:33:19,21.4,1002.0,834.0,53.0,130.0
2022-02-23/14:33:20,21.4,1002.0,834.0,53.0,130.0
2022-02-23/14:33:21,21.4,1002.0,834.0,65.0,130.0
2022-02-23/14:33:22,21.4,1002.0,834.0,65.0,130.0
2022-02-23/14:33:23,21.4,1002.0,834.0,66.0,130.0
2022-02-23/14:33:24,21.4,1002.0,834.0,66.0,129.2
2022-02-23/14:33:25,21.4,1002.0,834.0,65.0,129.2
2022-02-23/14:33:26,21.4,1002.0,834.0,65.0,129.2
2022-02-23/14:33:27,21.4,1002.0,834.0,67.0,129.2
2022-02-23/14:33:28,21.4,1002.0,834.0,67.0,129.2
2022-02-23/14:33:29,21.4,1002.0,834.0,65.0,129.0
2022-02-23/14:33:31,21.4,1002.0,834.0,65.0,128.3
2022-02-23/14:33:32,21.5,1002.0,835.0,64.0,128.3
2022-02-23/14:33:33,21.5,1002.0,835.0,64.0,128.3
2022-02-23/14:33:34,21.5,1002.0,835.0,61.0,127.8
2022-02-23/14:33:35,21.5,1002.0,835.0,61.0,127.4
2022-02-23/14:33:36,21.5,1002.0,835.0,65.0,126.7
2022-02-23/14:33:37,21.5,1002.0,835.0,65.0,126.7
2022-02-23/14:33:38,21.5,1002.0,835.0,66.0,125.8
2022-02-23/14:33:39,21.5,1002.0,835.0,66.0,125.8
2022-02-23/14:33:40,21.5,1002.0,835.0,65.0,125.8
2022-02-23/14:33:41,21.5,1002.0,835.0,65.0,126.1
2022-02-23/14:33:43,21.5,1002.0,835.0,66.0,126.7
2022-02-23/14:33:44,21.5,1002.0,835.0,66.0,127.4
2022-02-23/14:33:45,21.5,1002.0,835.0,66.0,127.3
2022-02-23/14:33:46,21.5,1002.0,835.0,66.0,127.2
2022-02-23/14:33:47,21.5,1002.0,843.0,59.0,125.8
2022-02-23/14:33:48,21.5,1002.0,843.0,59.0,126.2
2022-02-23/14:33:49,21.5,1002.0,843.0,66.0,126.7
2022-02-23/14:33:50,21.5,1002.0,843.0,66.0,125.8
2022-02-23/14:33:51,21.5,1002.0,843.0,65.0,126.5
2022-02-23/14:33:52,21.5,1002.0,843.0,65.0,126.0
2022-02-23/14:33:54,21.5,1002.0,843.0,65.0,125.8
2022-02-23/14:33:55,21.5,1002.0,843.0,65.0,125.8
2022-02-23/14:33:56,21.5,1002.0,843.0,61.0,125.8
2022-02-23/14:33:57,21.5,1002.0,843.0,61.0,125.9
2022-02-23/14:33:58,21.5,1002.0,843.0,62.0,125.8
2022-02-23/14:33:59,21.5,1002.0,843.0,62.0,125.5
2022-02-23/14:34:00,21.5,1002.0,843.0,61.0,124.3
2022-02-23/14:34:01,21.5,1002.0,843.0,61.0,122.5
2022-02-23/14:34:02,21.5,1002.0,849.0,53.0,123.5
2022-02-23/14:34:03,21.5,1002.0,849.0,53.0,127.0
2022-02-23/14:34:04,21.5,1002.0,849.0,65.0,128.3
2022-02-23/14:34:06,21.5,1002.0,849.0,65.0,128.3
2022-02-23/14:34:07,21.5,1002.0,849.0,63.0,128.4
2022-02-23/14:34:08,21.5,1002.0,849.0,63.0,129.1
2022-02-23/14:34:09,21.5,1002.0,849.0,66.0,130.0
2022-02-23/14:34:10,21.5,1002.0,849.0,66.0,128.0
2022-02-23/14:34:11,21.5,1002.0,849.0,66.0,128.2
2022-02-23/14:34:12,21.5,1002.0,849.0,66.0,128.2
2022-02-23/14:34:13,21.5,1002.0,849.0,65.0,128.4
2022-02-23/14:34:14,21.5,1002.0,849.0,65.0,127.8
2022-02-23/14:34:15,21.5,1002.0,849.0,66.0,127.8
2022-02-23/14:34:17,21.5,1002.0,849.0,66.0,127.7
2022-02-23/14:34:18,21.5,1002.0,873.0,57.0,127.9
2022-02-23/14:34:19,21.5,1002.0,873.0,57.0,128.5
2022-02-23/14:34:20,21.5,1002.0,873.0,66.0,128.3
2022-02-23/14:34:21,21.5,1002.0,873.0,66.0,128.5
2022-02-23/14:34:22,21.5,1002.0,873.0,66.0,130.0
2022-02-23/14:34:23,21.5,1002.0,873.0,66.0,129.2
2022-02-23/14:34:24,21.5,1002.0,873.0,66.0,129.2
2022-02-23/14:34:25,21.5,1002.0,873.0,66.0,128.7
2022-02-23/14:34:26,21.5,1002.0,873.0,67.0,128.1
2022-02-23/14:34:28,21.5,1002.0,873.0,67.0,127.8
2022-02-23/14:34:29,21.5,1002.0,873.0,66.0,128.7
2022-02-23/14:34:30,21.5,1002.0,873.0,66.0,128.9
2022-02-23/14:34:31,21.5,1002.0,873.0,66.0,128.4
2022-02-23/14:34:32,21.5,1002.0,873.0,66.0,128.7
2022-02-23/14:34:33,21.6,1002.0,885.0,58.0,128.6
2022-02-23/14:34:34,21.6,1002.0,885.0,58.0,128.5
2022-02-23/14:34:35,21.6,1002.0,885.0,66.0,128.4
2022-02-23/14:34:36,21.6,1002.0,885.0,66.0,128.7
2022-02-23/14:34:37,21.6,1002.0,885.0,66.0,128.9
2022-02-23/14:34:39,21.6,1002.0,885.0,66.0,129.1
2022-02-23/14:34:40,21.6,1002.0,885.0,66.0,129.2
2022-02-23/14:34:41,21.6,1002.0,885.0,66.0,129.2
2022-02-23/14:34:42,21.6,1002.0,885.0,66.0,129.0
2022-02-23/14:34:43,21.6,1002.0,885.0,66.0,128.0
2022-02-23/14:34:44,21.6,1002.0,885.0,65.0,128.0
2022-02-23/14:34:45,21.6,1002.0,885.0,65.0,127.5
2022-02-23/14:34:46,21.6,1002.0,885.0,62.0,126.9
2022-02-23/14:34:47,21.6,1002.0,885.0,62.0,125.9
2022-02-23/14:34:48,21.6,1002.0,895.0,57.0,126.4
2022-02-23/14:34:49,21.6,1002.0,895.0,57.0,126.6
2022-02-23/14:34:50,21.6,1002.0,895.0,65.0,126.9
2022-02-23/14:34:52,21.6,1002.0,895.0,65.0,127.5
2022-02-23/14:34:53,21.6,1002.0,895.0,66.0,128.3
2022-02-23/14:34:54,21.6,1002.0,895.0,66.0,128.6
2022-02-23/14:34:55,21.6,1002.0,895.0,66.0,128.3
2022-02-23/14:34:56,21.6,1002.0,895.0,66.0,128.3
2022-02-23/14:34:57,21.6,1002.0,895.0,66.0,127.7
2022-02-23/14:34:58,21.6,1002.0,895.0,66.0,125.9
2022-02-23/14:34:59,21.6,1002.0,895.0,66.0,122.9
2022-02-23/14:35:00,21.6,1002.0,895.0,66.0,120.5
2022-02-23/14:35:01,21.6,1002.0,895.0,61.0,119.5
2022-02-23/14:35:03,21.6,1002.0,895.0,61.0,118.3
2022-02-23/14:35:04,21.6,1002.0,905.0,61.0,117.7
2022-02-23/14:35:05,21.6,1002.0,905.0,61.0,117.5
2022-02-23/14:35:06,21.6,1002.0,905.0,65.0,116.8
2022-02-23/14:35:07,21.6,1002.0,905.0,65.0,116.7
2022-02-23/14:35:08,21.6,1002.0,905.0,66.0,116.6
2022-02-23/14:35:09,21.6,1002.0,905.0,66.0,115.8
2022-02-23/14:35:10,21.6,1002.0,905.0,65.0,115.8
2022-02-23/14:35:11,21.6,1002.0,905.0,65.0,115.8
2022-02-23/14:35:12,21.6,1002.0,905.0,66.0,115.2
2022-02-23/14:35:13,21.6,1002.0,905.0,66.0,115.5
2022-02-23/14:35:15,21.6,1002.0,905.0,66.0,115.5
2022-02-23/14:35:16,21.6,1002.0,905.0,66.0,115.6
2022-02-23/14:35:17,21.6,1002.0,903.0,63.0,114.8
2022-02-23/14:35:18,21.6,1002.0,903.0,63.0,114.4
2022-02-23/14:35:19,21.6,1002.0,903.0,59.0,115.0
2022-02-23/14:35:20,21.6,1002.0,903.0,59.0,114.8
2022-02-23/14:35:21,21.6,1002.0,903.0,66.0,114.7
2022-02-23/14:35:22,21.6,1002.0,903.0,66.0,114.8
2022-02-23/14:35:23,21.6,1002.0,903.0,66.0,114.8
2022-02-23/14:35:24,21.6,1002.0,903.0,66.0,114.2
2022-02-23/14:35:25,21.6,1002.0,903.0,65.0,114.2
2022-02-23/14:35:27,21.6,1002.0,903.0,65.0,114.2
2022-02-23/14:35:28,21.6,1002.0,903.0,65.0,114.2
2022-02-23/14:35:29,21.6,1002.0,903.0,65.0,114.1
2022-02-23/14:35:30,21.6,1002.0,903.0,66.0,113.4
2022-02-23/14:35:31,21.6,1002.0,903.0,66.0,113.3
2022-02-23/14:35:32,21.7,1001.0,903.0,60.0,113.5
2022-02-23/14:35:33,21.7,1001.0,903.0,60.0,113.4
2022-02-23/14:35:34,21.7,1001.0,903.0,64.0,114.2
2022-02-23/14:35:35,21.7,1001.0,903.0,64.0,113.9
2022-02-23/14:35:36,21.7,1001.0,903.0,65.0,113.3
2022-02-23/14:35:37,21.7,1001.0,903.0,65.0,113.6
2022-02-23/14:35:39,21.7,1001.0,903.0,66.0,114.2
2022-02-23/14:35:40,21.7,1001.0,903.0,66.0,114.2
2022-02-23/14:35:41,21.7,1001.0,903.0,66.0,114.1
2022-02-23/14:35:42,21.7,1001.0,903.0,66.0,112.6
2022-02-23/14:35:43,21.7,1001.0,903.0,65.0,113.3
2022-02-23/14:35:44,21.7,1001.0,903.0,65.0,113.4
2022-02-23/14:35:45,21.7,1001.0,903.0,66.0,113.3
2022-02-23/14:35:46,21.7,1001.0,903.0,66.0,113.3
2022-02-23/14:35:47,21.7,1002.0,906.0,58.0,113.5
2022-02-23/14:35:48,21.7,1002.0,906.0,58.0,113.4
2022-02-23/14:35:49,21.7,1002.0,906.0,66.0,113.3
2022-02-23/14:35:51,21.7,1002.0,906.0,66.0,113.7
2022-02-23/14:35:52,21.7,1002.0,906.0,66.0,113.3
2022-02-23/14:35:53,21.7,1002.0,906.0,66.0,113.3
2022-02-23/14:35:54,21.7,1002.0,906.0,64.0,113.3
2022-02-23/14:35:55,21.7,1002.0,906.0,64.0,114.2
2022-02-23/14:35:56,21.7,1002.0,906.0,66.0,114.2
2022-02-23/14:35:57,21.7,1002.0,906.0,66.0,114.7
2022-02-23/14:35:58,21.7,1002.0,906.0,65.0,114.7
2022-02-23/14:35:59,21.7,1002.0,906.0,65.0,114.9
2022-02-23/14:36:00,21.7,1002.0,906.0,66.0,114.9
2022-02-23/14:36:01,21.7,1002.0,906.0,66.0,114.2
2022-02-23/14:36:03,21.8,1002.0,906.0,57.0,114.5
2022-02-23/14:36:04,21.8,1002.0,906.0,57.0,114.2
2022-02-23/14:36:05,21.8,1002.0,906.0,67.0,114.2
2022-02-23/14:36:06,21.8,1002.0,906.0,67.0,114.2
2022-02-23/14:36:07,21.8,1002.0,906.0,63.0,114.1
2022-02-23/14:36:08,21.8,1002.0,906.0,63.0,113.3
2022-02-23/14:36:09,21.8,1002.0,906.0,65.0,114.0
2022-02-23/14:36:10,21.8,1002.0,906.0,65.0,114.5
2022-02-23/14:36:11,21.8,1002.0,906.0,66.0,116.0
2022-02-23/14:36:12,21.8,1002.0,906.0,66.0,115.0
2022-02-23/14:36:13,21.8,1002.0,906.0,66.0,114.4
2022-02-23/14:36:15,21.8,1002.0,906.0,66.0,114.5
2022-02-23/14:36:16,21.8,1002.0,906.0,66.0,114.9
2022-02-23/14:36:17,21.8,1002.0,906.0,66.0,114.6
2022-02-23/14:36:18,21.8,1002.0,909.0,58.0,115.2
2022-02-23/14:36:19,21.8,1002.0,909.0,58.0,115.8
2022-02-23/14:36:20,21.8,1002.0,909.0,66.0,115.8
2022-02-23/14:36:21,21.8,1002.0,909.0,66.0,115.8
2022-02-23/14:36:22,21.8,1002.0,909.0,65.0,115.8
2022-02-23/14:36:23,21.8,1002.0,909.0,65.0,115.8
2022-02-23/14:36:24,21.8,1002.0,909.0,66.0,115.9
2022-02-23/14:36:26,21.8,1002.0,909.0,66.0,116.7
2022-02-23/14:36:27,21.8,1002.0,909.0,66.0,116.1
2022-02-23/14:36:28,21.8,1002.0,909.0,66.0,115.6
2022-02-23/14:36:29,21.8,1002.0,909.0,66.0,115.1
2022-02-23/14:36:30,21.8,1002.0,909.0,66.0,115.5
2022-02-23/14:36:31,21.8,1002.0,909.0,66.0,115.2
2022-02-23/14:36:32,21.8,1002.0,909.0,66.0,115.4
2022-02-23/14:36:33,21.8,1002.0,914.0,56.0,115.8
2022-02-23/14:36:34,21.8,1002.0,914.0,56.0,115.8
2022-02-23/14:36:35,21.8,1002.0,914.0,66.0,115.8
2022-02-23/14:36:36,21.8,1002.0,914.0,66.0,115.8
2022-02-23/14:36:38,21.8,1002.0,914.0,66.0,115.8
2022-02-23/14:36:39,21.8,1002.0,914.0,66.0,116.7
2022-02-23/14:36:40,21.8,1002.0,914.0,66.0,116.7
2022-02-23/14:36:41,21.8,1002.0,914.0,66.0,116.7
2022-02-23/14:36:42,21.8,1002.0,914.0,66.0,113.4
2022-02-23/14:36:43,21.8,1002.0,914.0,66.0,104.0
2022-02-23/14:36:44,21.8,1002.0,914.0,66.0,107.1
2022-02-23/14:36:45,21.8,1002.0,914.0,66.0,108.3
2022-02-23/14:36:46,21.8,1002.0,914.0,65.0,78.2
2022-02-23/14:36:47,21.8,1002.0,914.0,65.0,44.7
2022-02-23/14:36:48,21.8,1002.0,919.0,56.0,42.5
2022-02-23/14:36:50,21.8,1002.0,919.0,56.0,42.2
2022-02-23/14:36:51,21.8,1002.0,919.0,60.0,50.7
2022-02-23/14:36:52,21.8,1002.0,919.0,60.0,46.0
2022-02-23/14:36:53,21.8,1002.0,919.0,59.0,42.6
2022-02-23/14:36:54,21.8,1002.0,919.0,59.0,79.2
2022-02-23/14:36:55,21.8,1002.0,919.0,66.0,130.0
2022-02-23/14:36:56,21.8,1002.0,919.0,66.0,134.1
2022-02-23/14:36:57,21.8,1002.0,919.0,68.0,135.4
2022-02-23/14:36:58,21.8,1002.0,919.0,68.0,135.3
2022-02-23/14:36:59,21.8,1002.0,919.0,65.0,137.2
2022-02-23/14:37:01,21.8,1002.0,919.0,65.0,137.2
2022-02-23/14:37:02,21.8,1002.0,919.0,59.0,138.9
2022-02-23/14:37:03,21.8,1002.0,919.0,59.0,141.1
2022-02-23/14:37:04,21.9,1002.0,929.0,60.0,143.3
2022-02-23/14:37:05,21.9,1002.0,929.0,60.0,144.6
2022-02-23/14:37:06,21.9,1002.0,929.0,64.0,144.2
2022-02-23/14:37:07,21.9,1002.0,929.0,64.0,144.4
2022-02-23/14:37:08,21.9,1002.0,929.0,65.0,143.5
2022-02-23/14:37:09,21.9,1002.0,929.0,65.0,144.4
2022-02-23/14:37:10,21.9,1002.0,929.0,65.0,145.0
2022-02-23/14:37:11,21.9,1002.0,929.0,65.0,144.7
2022-02-23/14:37:13,21.9,1002.0,929.0,65.0,144.2
2022-02-23/14:37:14,21.9,1002.0,929.0,65.0,143.5
2022-02-23/14:37:15,21.9,1002.0,929.0,64.0,143.3
2022-02-23/14:37:16,21.9,1002.0,929.0,64.0,142.7
2022-02-23/14:37:17,21.9,1002.0,937.0,61.0,142.5
2022-02-23/14:37:18,21.9,1002.0,937.0,61.0,142.8
2022-02-23/14:37:19,21.9,1002.0,937.0,59.0,144.3
2022-02-23/14:37:20,21.9,1002.0,937.0,59.0,144.2
2022-02-23/14:37:21,21.9,1002.0,937.0,65.0,143.7
2022-02-23/14:37:22,21.9,1002.0,937.0,65.0,142.2
2022-02-23/14:37:24,21.9,1002.0,937.0,64.0,142.4
2022-02-23/14:37:25,21.9,1002.0,937.0,64.0,143.2
2022-02-23/14:37:26,21.9,1002.0,937.0,65.0,144.2
2022-02-23/14:37:27,21.9,1002.0,937.0,65.0,144.5
2022-02-23/14:37:28,21.9,1002.0,937.0,65.0,146.4
2022-02-23/14:37:29,21.9,1002.0,937.0,65.0,148.2
2022-02-23/14:37:30,21.9,1002.0,937.0,65.0,150.2
2022-02-23/14:37:31,21.9,1002.0,937.0,65.0,152.4
2022-02-23/14:37:32,21.9,1002.0,950.0,53.0,154.1
2022-02-23/14:37:33,21.9,1002.0,950.0,53.0,152.8
2022-02-23/14:37:34,21.9,1002.0,950.0,65.0,152.9
2022-02-23/14:37:36,21.9,1002.0,950.0,65.0,138.7
2022-02-23/14:37:37,21.9,1002.0,950.0,65.0,122.3
2022-02-23/14:37:38,21.9,1002.0,950.0,65.0,133.2
2022-02-23/14:37:39,21.9,1002.0,950.0,65.0,143.0
2022-02-23/14:37:40,21.9,1002.0,950.0,65.0,143.1
2022-02-23/14:37:41,21.9,1002.0,950.0,65.0,142.4
2022-02-23/14:37:42,21.9,1002.0,950.0,65.0,141.7
2022-02-23/14:37:43,21.9,1002.0,950.0,64.0,142.8
2022-02-23/14:37:44,21.9,1002.0,950.0,64.0,141.6
2022-02-23/14:37:45,21.9,1002.0,950.0,64.0,141.6
2022-02-23/14:37:47,21.9,1002.0,950.0,64.0,143.5
2022-02-23/14:37:48,22.0,1002.0,958.0,55.0,143.5
2022-02-23/14:37:49,22.0,1002.0,958.0,55.0,144.2
2022-02-23/14:37:50,22.0,1002.0,958.0,65.0,144.2
2022-02-23/14:37:51,22.0,1002.0,958.0,65.0,144.2
2022-02-23/14:37:52,22.0,1002.0,958.0,65.0,144.5
2022-02-23/14:37:53,22.0,1002.0,958.0,65.0,144.5
2022-02-23/14:37:54,22.0,1002.0,958.0,64.0,143.6
2022-02-23/14:37:55,22.0,1002.0,958.0,64.0,144.6
2022-02-23/14:37:56,22.0,1002.0,958.0,64.0,145.0
2022-02-23/14:37:57,22.0,1002.0,958.0,64.0,140.2
2022-02-23/14:37:59,22.0,1002.0,958.0,64.0,140.9
2022-02-23/14:38:00,22.0,1002.0,958.0,64.0,141.7
2022-02-23/14:38:01,22.0,1002.0,958.0,61.0,95.1
2022-02-23/14:38:02,22.0,1002.0,958.0,61.0,133.4
2022-02-23/14:38:03,22.0,1001.0,960.0,54.0,145.2
2022-02-23/14:38:04,22.0,1001.0,960.0,54.0,145.8
2022-02-23/14:38:05,22.0,1001.0,960.0,65.0,145.8
2022-02-23/14:38:06,22.0,1001.0,960.0,65.0,145.8
2022-02-23/14:38:07,22.0,1001.0,960.0,65.0,145.8
2022-02-23/14:38:08,22.0,1001.0,960.0,65.0,145.8
2022-02-23/14:38:10,22.0,1001.0,960.0,65.0,145.4
2022-02-23/14:38:11,22.0,1001.0,960.0,65.0,145.8
2022-02-23/14:38:12,22.0,1001.0,960.0,65.0,145.8
2022-02-23/14:38:13,22.0,1001.0,960.0,65.0,145.9
2022-02-23/14:38:14,22.0,1001.0,960.0,65.0,145.8
2022-02-23/14:38:15,22.0,1001.0,960.0,65.0,145.8
2022-02-23/14:38:16,22.0,1001.0,960.0,64.0,145.0
2022-02-23/14:38:17,22.0,1001.0,960.0,64.0,145.0
2022-02-23/14:38:18,22.0,1002.0,967.0,53.0,145.0
2022-02-23/14:38:19,22.0,1002.0,967.0,53.0,145.0
2022-02-23/14:38:20,22.0,1002.0,967.0,65.0,145.0
2022-02-23/14:38:22,22.0,1002.0,967.0,65.0,144.8
2022-02-23/14:38:23,22.0,1002.0,967.0,65.0,145.0
2022-02-23/14:38:24,22.0,1002.0,967.0,65.0,142.7
2022-02-23/14:38:25,22.0,1002.0,967.0,65.0,141.5
2022-02-23/14:38:26,22.0,1002.0,967.0,65.0,142.5
2022-02-23/14:38:27,22.0,1002.0,967.0,65.0,142.5
2022-02-23/14:38:28,22.0,1002.0,967.0,65.0,142.5
2022-02-23/14:38:29,22.0,1002.0,967.0,65.0,142.9
2022-02-23/14:38:30,22.0,1002.0,967.0,65.0,143.5
2022-02-23/14:38:31,22.0,1002.0,967.0,64.0,143.3
2022-02-23/14:38:33,22.0,1002.0,967.0,64.0,143.1
2022-02-23/14:38:34,22.0,1001.0,979.0,56.0,142.7
2022-02-23/14:38:35,22.0,1001.0,979.0,56.0,142.6
2022-02-23/14:38:36,22.0,1001.0,979.0,64.0,142.1
2022-02-23/14:38:37,22.0,1001.0,979.0,64.0,143.1
2022-02-23/14:38:38,22.0,1001.0,979.0,65.0,143.0
2022-02-23/14:38:39,22.0,1001.0,979.0,65.0,142.6
2022-02-23/14:38:40,22.0,1001.0,979.0,65.0,142.5
2022-02-23/14:38:41,22.0,1001.0,979.0,65.0,141.9
2022-02-23/14:38:42,22.0,1001.0,979.0,64.0,139.4
2022-02-23/14:38:44,22.0,1001.0,979.0,64.0,140.9
2022-02-23/14:38:45,22.0,1001.0,979.0,65.0,141.8
2022-02-23/14:38:46,22.0,1001.0,979.0,65.0,141.7
2022-02-23/14:38:47,22.0,1002.0,982.0,61.0,140.7
2022-02-23/14:38:48,22.0,1002.0,982.0,61.0,142.2
2022-02-23/14:38:49,22.0,1002.0,982.0,56.0,142.2
2022-02-23/14:38:50,22.0,1002.0,982.0,56.0,140.9
2022-02-23/14:38:51,22.0,1002.0,982.0,65.0,140.8
2022-02-23/14:38:52,22.0,1002.0,982.0,65.0,140.1
2022-02-23/14:38:53,22.0,1002.0,982.0,65.0,139.8
2022-02-23/14:38:54,22.0,1002.0,982.0,65.0,139.5
2022-02-23/14:38:56,22.0,1002.0,982.0,65.0,140.4
2022-02-23/14:38:57,22.0,1002.0,982.0,65.0,140.8
2022-02-23/14:38:58,22.0,1002.0,982.0,64.0,139.1
2022-02-23/14:38:59,22.0,1002.0,982.0,64.0,140.8
2022-02-23/14:39:00,22.0,1002.0,982.0,64.0,140.8
2022-02-23/14:39:01,22.0,1002.0,982.0,64.0,140.8
2022-02-23/14:39:02,22.0,1002.0,984.0,56.0,140.2
2022-02-23/14:39:03,22.0,1002.0,984.0,56.0,138.7
2022-02-23/14:39:04,22.0,1002.0,984.0,60.0,139.0
2022-02-23/14:39:05,22.0,1002.0,984.0,60.0,140.2
2022-02-23/14:39:06,22.0,1002.0,984.0,65.0,140.0
2022-02-23/14:39:08,22.0,1002.0,984.0,65.0,140.0
2022-02-23/14:39:09,22.0,1002.0,984.0,65.0,137.6
2022-02-23/14:39:10,22.0,1002.0,984.0,65.0,137.8
2022-02-23/14:39:11,22.0,1002.0,984.0,65.0,137.4
2022-02-23/14:39:12,22.0,1002.0,984.0,65.0,137.5
2022-02-23/14:39:13,22.0,1002.0,984.0,65.0,139.7
2022-02-23/14:39:14,22.0,1002.0,984.0,65.0,141.0
2022-02-23/14:39:15,22.0,1002.0,984.0,65.0,142.3
2022-02-23/14:39:16,22.0,1002.0,984.0,65.0,143.6
2022-02-23/14:39:17,22.0,1002.0,987.0,54.0,144.8
2022-02-23/14:39:18,22.0,1002.0,987.0,54.0,145.8
2022-02-23/14:39:20,22.0,1002.0,987.0,65.0,146.7
2022-02-23/14:39:21,22.0,1002.0,987.0,65.0,147.7
2022-02-23/14:39:22,22.0,1002.0,987.0,65.0,149.9
2022-02-23/14:39:23,22.0,1002.0,987.0,65.0,151.6
2022-02-23/14:39:24,22.0,1002.0,987.0,64.0,152.7
2022-02-23/14:39:25,22.0,1002.0,987.0,64.0,153.3
2022-02-23/14:39:26,22.0,1002.0,987.0,64.0,153.3
2022-02-23/14:39:27,22.0,1002.0,987.0,64.0,153.3
2022-02-23/14:39:28,22.0,1002.0,987.0,65.0,153.3
2022-02-23/14:39:29,22.0,1002.0,987.0,65.0,154.1
2022-02-23/14:39:31,22.0,1002.0,987.0,65.0,154.2
2022-02-23/14:39:32,22.0,1002.0,987.0,65.0,154.2
2022-02-23/14:39:33,22.0,1002.0,994.0,53.0,154.2
2022-02-23/14:39:34,22.0,1002.0,994.0,53.0,154.2
2022-02-23/14:39:35,22.0,1002.0,994.0,65.0,153.4
2022-02-23/14:39:36,22.0,1002.0,994.0,65.0,154.3
2022-02-23/14:39:37,22.0,1002.0,994.0,65.0,153.6
2022-02-23/14:39:38,22.0,1002.0,994.0,65.0,153.3
2022-02-23/14:39:39,22.0,1002.0,994.0,65.0,153.8
2022-02-23/14:39:40,22.0,1002.0,994.0,65.0,153.7
2022-02-23/14:39:41,22.0,1002.0,994.0,65.0,154.1
2022-02-23/14:39:43,22.0,1002.0,994.0,65.0,154.2
2022-02-23/14:39:44,22.0,1002.0,994.0,65.0,152.6
2022-02-23/14:39:45,22.0,1002.0,994.0,65.0,152.5
2022-02-23/14:39:46,22.0,1002.0,994.0,64.0,152.5
2022-02-23/14:39:47,22.0,1002.0,994.0,64.0,154.1
2022-02-23/14:39:48,22.0,1002.0,1000.0,54.0,155.3
2022-02-23/14:39:49,22.0,1002.0,1000.0,54.0,153.7
2022-02-23/14:39:50,22.0,1002.0,1000.0,65.0,154.2
2022-02-23/14:39:51,22.0,1002.0,1000.0,65.0,154.2
2022-02-23/14:39:52,22.0,1002.0,1000.0,65.0,154.2
2022-02-23/14:39:54,22.0,1002.0,1000.0,65.0,154.3
2022-02-23/14:39:55,22.0,1002.0,1000.0,65.0,154.7
2022-02-23/14:39:56,22.0,1002.0,1000.0,65.0,155.0
2022-02-23/14:39:57,22.0,1002.0,1000.0,65.0,155.9
2022-02-23/14:39:58,22.0,1002.0,1000.0,65.0,156.7
2022-02-23/14:39:59,22.0,1002.0,1000.0,65.0,155.9
2022-02-23/14:40:00,22.0,1002.0,1000.0,65.0,155.2
2022-02-23/14:40:01,22.0,1002.0,1000.0,65.0,155.2
2022-02-23/14:40:02,22.0,1002.0,1000.0,65.0,154.2
2022-02-23/14:40:03,22.0,1002.0,1001.0,53.0,154.7
2022-02-23/14:40:04,22.0,1002.0,1001.0,53.0,155.5
2022-02-23/14:40:06,22.0,1002.0,1001.0,64.0,156.7
2022-02-23/14:40:07,22.0,1002.0,1001.0,64.0,157.7
2022-02-23/14:40:08,22.0,1002.0,1001.0,65.0,160.0
2022-02-23/14:40:09,22.0,1002.0,1001.0,65.0,160.5
2022-02-23/14:40:10,22.0,1002.0,1001.0,65.0,158.8
2022-02-23/14:40:11,22.0,1002.0,1001.0,65.0,159.9
2022-02-23/14:40:12,22.0,1002.0,1001.0,64.0,161.0
2022-02-23/14:40:13,22.0,1002.0,1001.0,64.0,161.1
2022-02-23/14:40:14,22.0,1002.0,1001.0,65.0,161.7
2022-02-23/14:40:15,22.0,1002.0,1001.0,65.0,163.6
2022-02-23/14:40:17,22.0,1002.0,1001.0,65.0,165.0
2022-02-23/14:40:18,22.0,1002.0,1001.0,65.0,164.9
2022-02-23/14:40:19,22.1,1002.0,1000.0,54.0,163.4
2022-02-23/14:40:20,22.1,1002.0,1000.0,54.0,164.7
2022-02-23/14:40:21,22.1,1002.0,1000.0,64.0,165.8
2022-02-23/14:40:22,22.1,1002.0,1000.0,64.0,167.2
2022-02-23/14:40:23,22.1,1002.0,1000.0,65.0,166.4
2022-02-23/14:40:24,22.1,1002.0,1000.0,65.0,166.6
2022-02-23/14:40:25,22.1,1002.0,1000.0,65.0,166.7
2022-02-23/14:40:26,22.1,1002.0,1000.0,65.0,165.3
2022-02-23/14:40:27,22.1,1002.0,1000.0,65.0,165.6
2022-02-23/14:40:29,22.1,1002.0,1000.0,65.0,166.7
2022-02-23/14:40:30,22.1,1002.0,1000.0,65.0,167.2
2022-02-23/14:40:31,22.1,1002.0,1000.0,65.0,167.6
2022-02-23/14:40:32,22.1,1002.0,995.0,60.0,167.5
2022-02-23/14:40:33,22.1,1002.0,995.0,60.0,167.8
2022-02-23/14:40:34,22.1,1002.0,995.0,59.0,167.5
2022-02-23/14:40:35,22.1,1002.0,995.0,59.0,167.3
2022-02-23/14:40:36,22.1,1002.0,995.0,65.0,168.3
2022-02-23/14:40:37,22.1,1002.0,995.0,65.0,168.6
2022-02-23/14:40:38,22.1,1002.0,995.0,64.0,169.3
2022-02-23/14:40:39,22.1,1002.0,995.0,64.0,170.0
2022-02-23/14:40:41,22.1,1002.0,995.0,65.0,170.0
2022-02-23/14:40:42,22.1,1002.0,995.0,65.0,170.0
2022-02-23/14:40:43,22.1,1002.0,995.0,65.0,170.0
2022-02-23/14:40:46,22.1,1002.0,995.0,65.0,168.4