time,tempce,luftdruck,co2,laut,hell
2022-02-23/16:31:58,23.8,1002.0,1968.0,66.0,246.5
2022-02-23/16:31:59,23.8,1002.0,1968.0,66.0,246.7
2022-02-23/16:32:00,23.8,1002.0,1968.0,66.0,246.7
2022-02-23/16:32:02,23.8,1002.0,1968.0,66.0,246.7
2022-02-23/16:32:03,23.8,1002.0,1968.0,66.0,247.9
2022-02-23/16:32:04,23.8,1002.0,1968.0,66.0,247.7
2022-02-23/16:32:05,23.8,1002.0,1968.0,66.0,247.5
2022-02-23/16:32:06,23.8,1002.0,1968.0,66.0,248.0
2022-02-23/16:32:07,23.8,1002.0,1968.0,66.0,247.5
2022-02-23/16:32:08,23.8,1002.0,1968.0,66.0,247.5
2022-02-23/16:32:09,23.8,1002.0,1971.0,57.0,247.4
2022-02-23/16:32:10,23.8,1002.0,1971.0,57.0,247.5
2022-02-23/16:32:11,23.8,1002.0,1971.0,64.0,247.5
2022-02-23/16:32:13,23.8,1002.0,1971.0,64.0,247.5
2022-02-23/16:32:14,23.8,1002.0,1971.0,66.0,247.5
2022-02-23/16:32:15,23.8,1002.0,1971.0,66.0,247.5
2022-02-23/16:32:16,23.8,1002.0,1971.0,66.0,247.5
2022-02-23/16:32:17,23.8,1002.0,1971.0,66.0,247.5
2022-02-23/16:32:18,23.8,1002.0,1971.0,66.0,247.5
2022-02-23/16:32:19,23.8,1002.0,1971.0,66.0,247.5
2022-02-23/16:32:20,23.8,1002.0,1971.0,66.0,247.5
2022-02-23/16:32:21,23.8,1002.0,1971.0,66.0,247.4
2022-02-23/16:32:22,23.8,1002.0,1971.0,66.0,247.0
2022-02-23/16:32:23,23.8,1002.0,1971.0,66.0,246.7
2022-02-23/16:32:25,23.8,1002.0,1962.0,59.0,246.8
2022-02-23/16:32:26,23.8,1002.0,1962.0,59.0,246.9
2022-02-23/16:32:27,23.8,1002.0,1962.0,66.0,246.7
2022-02-23/16:32:28,23.8,1002.0,1962.0,66.0,246.7
2022-02-23/16:32:29,23.8,1002.0,1962.0,66.0,246.7
2022-02-23/16:32:30,23.8,1002.0,1962.0,66.0,246.7
2022-02-23/16:32:31,23.8,1002.0,1962.0,66.0,246.7
2022-02-23/16:32:32,23.8,1002.0,1962.0,66.0,246.7
2022-02-23/16:32:33,23.8,1002.0,1962.0,66.0,246.7
2022-02-23/16:32:34,23.8,1002.0,1962.0,66.0,246.7
2022-02-23/16:32:36,23.8,1002.0,1962.0,66.0,246.6
2022-02-23/16:32:37,23.8,1002.0,1962.0,66.0,246.4
2022-02-23/16:32:38,23.8,1002.0,1962.0,66.0,245.8
2022-02-23/16:32:39,23.8,1002.0,1962.0,66.0,245.8
2022-02-23/16:32:40,23.8,1002.0,1956.0,56.0,245.8
2022-02-23/16:32:41,23.8,1002.0,1956.0,56.0,245.8
2022-02-23/16:32:42,23.8,1002.0,1956.0,66.0,245.8
2022-02-23/16:32:43,23.8,1002.0,1956.0,66.0,245.8
2022-02-23/16:32:44,23.8,1002.0,1956.0,66.0,245.8
2022-02-23/16:32:45,23.8,1002.0,1956.0,66.0,245.8
2022-02-23/16:32:46,23.8,1002.0,1956.0,66.0,245.8
2022-02-23/16:32:48,23.8,1002.0,1956.0,66.0,245.8
2022-02-23/16:32:49,23.8,1002.0,1956.0,66.0,245.8
2022-02-23/16:32:50,23.8,1002.0,1956.0,66.0,245.8
2022-02-23/16:32:51,23.8,1002.0,1956.0,66.0,245.3
2022-02-23/16:32:52,23.8,1002.0,1956.0,66.0,245.2
2022-02-23/16:32:53,23.8,1002.0,1956.0,66.0,245.0
2022-02-23/16:32:54,23.8,1002.0,1956.0,66.0,245.0
2022-02-23/16:32:55,23.8,1002.0,1950.0,58.0,245.0
2022-02-23/16:32:56,23.8,1002.0,1950.0,58.0,245.0
2022-02-23/16:32:57,23.8,1002.0,1950.0,66.0,245.0
2022-02-23/16:32:59,23.8,1002.0,1950.0,66.0,245.0
2022-02-23/16:33:00,23.8,1002.0,1950.0,66.0,245.0
2022-02-23/16:33:01,23.8,1002.0,1950.0,66.0,245.0
2022-02-23/16:33:02,23.8,1002.0,1950.0,66.0,244.9
2022-02-23/16:33:03,23.8,1002.0,1950.0,66.0,245.0
2022-02-23/16:33:04,23.8,1002.0,1950.0,66.0,244.9
2022-02-23/16:33:05,23.8,1002.0,1950.0,66.0,244.7
2022-02-23/16:33:06,23.8,1002.0,1950.0,66.0,244.2
2022-02-23/16:33:07,23.8,1002.0,1950.0,66.0,244.3
2022-02-23/16:33:08,23.8,1002.0,1950.0,66.0,244.2
2022-02-23/16:33:09,23.8,1002.0,1950.0,66.0,244.2
2022-02-23/16:33:11,23.8,1002.0,1952.0,57.0,244.2
2022-02-23/16:33:12,23.8,1002.0,1952.0,57.0,244.2
2022-02-23/16:33:13,23.8,1002.0,1952.0,66.0,244.2
2022-02-23/16:33:14,23.8,1002.0,1952.0,66.0,244.2
2022-02-23/16:33:15,23.8,1002.0,1952.0,66.0,244.2
2022-02-23/16:33:16,23.8,1002.0,1952.0,66.0,244.2
2022-02-23/16:33:17,23.8,1002.0,1952.0,66.0,244.2
2022-02-23/16:33:18,23.8,1002.0,1952.0,66.0,244.1
2022-02-23/16:33:19,23.8,1002.0,1952.0,66.0,244.2
2022-02-23/16:33:20,23.8,1002.0,1952.0,66.0,244.2
2022-02-23/16:33:22,23.8,1002.0,1952.0,66.0,244.2
2022-02-23/16:33:23,23.8,1002.0,1952.0,66.0,244.2
2022-02-23/16:33:24,23.8,1002.0,1952.0,63.0,244.2
2022-02-23/16:33:25,23.8,1002.0,1952.0,63.0,244.2
2022-02-23/16:33:26,23.8,1002.0,1949.0,61.0,244.2
2022-02-23/16:33:27,23.8,1002.0,1949.0,61.0,244.2
2022-02-23/16:33:28,23.8,1002.0,1949.0,66.0,244.4
2022-02-23/16:33:29,23.8,1002.0,1949.0,66.0,244.7
2022-02-23/16:33:30,23.8,1002.0,1949.0,66.0,245.0
2022-02-23/16:33:31,23.8,1002.0,1949.0,66.0,245.0
2022-02-23/16:33:32,23.8,1002.0,1949.0,66.0,245.0
2022-02-23/16:33:34,23.8,1002.0,1949.0,66.0,245.0
2022-02-23/16:33:35,23.8,1002.0,1949.0,66.0,245.0
2022-02-23/16:33:36,23.8,1002.0,1949.0,66.0,245.2
2022-02-23/16:33:37,23.8,1002.0,1949.0,66.0,245.0
2022-02-23/16:33:38,23.8,1002.0,1949.0,66.0,245.7
2022-02-23/16:33:39,23.8,1002.0,1943.0,61.0,245.8
2022-02-23/16:33:40,23.8,1002.0,1943.0,61.0,245.8
2022-02-23/16:33:41,23.8,1002.0,1943.0,61.0,245.8
2022-02-23/16:33:42,23.8,1002.0,1943.0,61.0,245.8
2022-02-23/16:33:43,23.8,1002.0,1943.0,66.0,245.8
2022-02-23/16:33:45,23.8,1002.0,1943.0,66.0,245.7
2022-02-23/16:33:46,23.8,1002.0,1943.0,66.0,245.7
2022-02-23/16:33:47,23.8,1002.0,1943.0,66.0,245.6
2022-02-23/16:33:48,23.8,1002.0,1943.0,66.0,245.7
2022-02-23/16:33:49,23.8,1002.0,1943.0,66.0,245.5
2022-02-23/16:33:50,23.8,1002.0,1943.0,66.0,245.4
2022-02-23/16:33:51,23.8,1002.0,1943.0,66.0,245.1
2022-02-23/16:33:52,23.8,1002.0,1943.0,66.0,245.0
2022-02-23/16:33:53,23.8,1002.0,1943.0,66.0,245.1
2022-02-23/16:33:54,23.8,1002.0,1943.0,57.0,245.1
2022-02-23/16:33:55,23.8,1002.0,1943.0,57.0,245.3
2022-02-23/16:33:57,23.8,1002.0,1943.0,66.0,245.2
2022-02-23/16:33:58,23.8,1002.0,1943.0,66.0,245.0
2022-02-23/16:33:59,23.8,1002.0,1943.0,66.0,245.1
2022-02-23/16:34:00,23.8,1002.0,1943.0,66.0,245.0
2022-02-23/16:34:01,23.8,1002.0,1943.0,66.0,245.0
2022-02-23/16:34:02,23.8,1002.0,1943.0,66.0,245.0
2022-02-23/16:34:03,23.8,1002.0,1943.0,66.0,245.0
2022-02-23/16:34:04,23.8,1002.0,1943.0,66.0,245.0
2022-02-23/16:34:05,23.8,1002.0,1943.0,66.0,245.0
2022-02-23/16:34:06,23.8,1002.0,1943.0,66.0,244.9
2022-02-23/16:34:08,23.8,1002.0,1943.0,66.0,244.7
2022-02-23/16:34:09,23.8,1002.0,1943.0,66.0,244.2
2022-02-23/16:34:10,23.8,1002.0,1941.0,57.0,244.2
2022-02-23/16:34:11,23.8,1002.0,1941.0,57.0,244.2
2022-02-23/16:34:12,23.8,1002.0,1941.0,66.0,244.2
2022-02-23/16:34:13,23.8,1002.0,1941.0,66.0,244.2
2022-02-23/16:34:14,23.8,1002.0,1941.0,66.0,244.2
2022-02-23/16:34:15,23.8,1002.0,1941.0,66.0,244.1
2022-02-23/16:34:16,23.8,1002.0,1941.0,66.0,244.1
2022-02-23/16:34:17,23.8,1002.0,1941.0,66.0,243.9
2022-02-23/16:34:18,23.8,1002.0,1941.0,66.0,243.5
2022-02-23/16:34:20,23.8,1002.0,1941.0,66.0,243.6
2022-02-23/16:34:21,23.8,1002.0,1941.0,66.0,244.0
2022-02-23/16:34:22,23.8,1002.0,1941.0,66.0,244.1
2022-02-23/16:34:23,23.8,1002.0,1941.0,66.0,244.2
2022-02-23/16:34:24,23.8,1002.0,1941.0,66.0,244.2
2022-02-23/16:34:25,23.8,1002.0,1940.0,57.0,244.2
2022-02-23/16:34:26,23.8,1002.0,1940.0,57.0,244.2
2022-02-23/16:34:27,23.8,1002.0,1940.0,66.0,244.2
2022-02-23/16:34:28,23.8,1002.0,1940.0,66.0,244.2
2022-02-23/16:34:29,23.8,1002.0,1940.0,66.0,244.2
2022-02-23/16:34:30,23.8,1002.0,1940.0,66.0,244.1
2022-02-23/16:34:32,23.8,1002.0,1940.0,66.0,243.3
2022-02-23/16:34:33,23.8,1002.0,1940.0,66.0,243.3
2022-02-23/16:34:34,23.8,1002.0,1940.0,66.0,243.3
2022-02-23/16:34:35,23.8,1002.0,1940.0,66.0,243.3
2022-02-23/16:34:36,23.8,1002.0,1940.0,66.0,243.0
2022-02-23/16:34:37,23.8,1002.0,1940.0,66.0,242.5
2022-02-23/16:34:38,23.8,1002.0,1940.0,63.0,242.5
2022-02-23/16:34:39,23.8,1002.0,1940.0,63.0,242.5
2022-02-23/16:34:40,23.8,1002.0,1943.0,59.0,242.5
2022-02-23/16:34:41,23.8,1002.0,1943.0,59.0,242.5
2022-02-23/16:34:43,23.8,1002.0,1943.0,66.0,242.5
2022-02-23/16:34:44,23.8,1002.0,1943.0,66.0,242.5
2022-02-23/16:34:45,23.8,1002.0,1943.0,66.0,242.5
2022-02-23/16:34:46,23.8,1002.0,1943.0,66.0,242.5
2022-02-23/16:34:47,23.8,1002.0,1943.0,66.0,242.5
2022-02-23/16:34:48,23.8,1002.0,1943.0,66.0,242.5
2022-02-23/16:34:49,23.8,1002.0,1943.0,66.0,242.5
2022-02-23/16:34:50,23.8,1002.0,1943.0,66.0,242.5
2022-02-23/16:34:51,23.8,1002.0,1943.0,66.0,242.5
2022-02-23/16:34:52,23.8,1002.0,1943.0,66.0,242.5
2022-02-23/16:34:53,23.8,1002.0,1943.0,66.0,242.5
2022-02-23/16:34:55,23.8,1002.0,1943.0,66.0,242.5
2022-02-23/16:34:56,23.8,1002.0,1946.0,57.0,242.5
2022-02-23/16:34:57,23.8,1002.0,1946.0,57.0,242.5
2022-02-23/16:34:58,23.8,1002.0,1946.0,66.0,242.5
2022-02-23/16:34:59,23.8,1002.0,1946.0,66.0,242.5
2022-02-23/16:35:00,23.8,1002.0,1946.0,66.0,242.5
2022-02-23/16:35:01,23.8,1002.0,1946.0,66.0,242.5
2022-02-23/16:35:02,23.8,1002.0,1946.0,66.0,242.5
2022-02-23/16:35:03,23.8,1002.0,1946.0,66.0,242.5
2022-02-23/16:35:04,23.8,1002.0,1946.0,66.0,242.5
2022-02-23/16:35:06,23.8,1002.0,1946.0,66.0,242.5
2022-02-23/16:35:07,23.8,1002.0,1946.0,66.0,242.3
2022-02-23/16:35:08,23.8,1002.0,1946.0,66.0,242.5
2022-02-23/16:35:09,23.8,1002.0,1943.0,64.0,242.3
2022-02-23/16:35:10,23.8,1002.0,1943.0,64.0,242.1
2022-02-23/16:35:11,23.8,1002.0,1943.0,61.0,242.0
2022-02-23/16:35:12,23.8,1002.0,1943.0,61.0,241.7
2022-02-23/16:35:13,23.8,1002.0,1943.0,66.0,241.8
2022-02-23/16:35:14,23.8,1002.0,1943.0,66.0,242.3
2022-02-23/16:35:15,23.8,1002.0,1943.0,66.0,242.2
2022-02-23/16:35:16,23.8,1002.0,1943.0,66.0,242.2
2022-02-23/16:35:18,23.8,1002.0,1943.0,66.0,242.5
2022-02-23/16:35:19,23.8,1002.0,1943.0,66.0,242.4
2022-02-23/16:35:20,23.8,1002.0,1943.0,66.0,242.0
2022-02-23/16:35:21,23.8,1002.0,1943.0,66.0,241.7
2022-02-23/16:35:22,23.8,1002.0,1943.0,66.0,241.7
2022-02-23/16:35:23,23.8,1002.0,1943.0,66.0,241.7
2022-02-23/16:35:24,23.8,1002.0,1947.0,58.0,241.7
2022-02-23/16:35:25,23.8,1002.0,1947.0,58.0,241.8
2022-02-23/16:35:26,23.8,1002.0,1947.0,64.0,241.7
2022-02-23/16:35:27,23.8,1002.0,1947.0,64.0,241.7
2022-02-23/16:35:29,23.8,1002.0,1947.0,66.0,241.7
2022-02-23/16:35:30,23.8,1002.0,1947.0,66.0,241.7
2022-02-23/16:35:31,23.8,1002.0,1947.0,66.0,241.7
2022-02-23/16:35:32,23.8,1002.0,1947.0,66.0,241.7
2022-02-23/16:35:33,23.8,1002.0,1947.0,66.0,241.7
2022-02-23/16:35:34,23.8,1002.0,1947.0,66.0,241.8
2022-02-23/16:35:35,23.8,1002.0,1947.0,66.0,241.7
2022-02-23/16:35:36,23.8,1002.0,1947.0,66.0,241.7
2022-02-23/16:35:37,23.8,1002.0,1947.0,66.0,241.7
2022-02-23/16:35:38,23.8,1002.0,1947.0,66.0,241.7
2022-02-23/16:35:39,23.8,1002.0,1956.0,59.0,241.7
2022-02-23/16:35:41,23.8,1002.0,1956.0,59.0,241.7
2022-02-23/16:35:42,23.8,1002.0,1956.0,66.0,241.7
2022-02-23/16:35:43,23.8,1002.0,1956.0,66.0,241.7
2022-02-23/16:35:44,23.8,1002.0,1956.0,66.0,241.7
2022-02-23/16:35:45,23.8,1002.0,1956.0,66.0,241.7
2022-02-23/16:35:46,23.8,1002.0,1956.0,66.0,241.9
2022-02-23/16:35:47,23.8,1002.0,1956.0,66.0,242.1
2022-02-23/16:35:48,23.8,1002.0,1956.0,66.0,242.5
2022-02-23/16:35:49,23.8,1002.0,1956.0,66.0,242.5
2022-02-23/16:35:50,23.8,1002.0,1956.0,66.0,242.5
2022-02-23/16:35:52,23.8,1002.0,1956.0,66.0,242.5
2022-02-23/16:35:53,23.8,1002.0,1956.0,66.0,242.5
2022-02-23/16:35:54,23.8,1002.0,1956.0,66.0,242.5
2022-02-23/16:35:55,23.8,1002.0,1954.0,58.0,242.5
2022-02-23/16:35:56,23.8,1002.0,1954.0,58.0,242.5
2022-02-23/16:35:57,23.8,1002.0,1954.0,66.0,242.7
2022-02-23/16:35:58,23.8,1002.0,1954.0,66.0,243.2
2022-02-23/16:35:59,23.8,1002.0,1954.0,66.0,243.3
2022-02-23/16:36:00,23.8,1002.0,1954.0,66.0,243.3
2022-02-23/16:36:01,23.8,1002.0,1954.0,66.0,243.3
2022-02-23/16:36:02,23.8,1002.0,1954.0,66.0,243.3
2022-02-23/16:36:04,23.8,1002.0,1954.0,66.0,243.3
2022-02-23/16:36:05,23.8,1002.0,1954.0,66.0,243.3
2022-02-23/16:36:06,23.8,1002.0,1954.0,66.0,243.3
2022-02-23/16:36:07,23.8,1002.0,1954.0,66.0,243.3
2022-02-23/16:36:08,23.8,1002.0,1954.0,66.0,243.3
2022-02-23/16:36:09,23.8,1002.0,1954.0,66.0,242.9
2022-02-23/16:36:10,23.8,1002.0,1954.0,57.0,242.5
2022-02-23/16:36:11,23.8,1002.0,1954.0,57.0,242.5
2022-02-23/16:36:12,23.8,1002.0,1954.0,66.0,242.5
2022-02-23/16:36:13,23.8,1002.0,1954.0,66.0,242.6
2022-02-23/16:36:15,23.8,1002.0,1954.0,66.0,242.5
2022-02-23/16:36:16,23.8,1002.0,1954.0,66.0,242.5
2022-02-23/16:36:17,23.8,1002.0,1954.0,66.0,242.5
2022-02-23/16:36:18,23.8,1002.0,1954.0,66.0,242.5
2022-02-23/16:36:19,23.8,1002.0,1954.0,66.0,242.7
2022-02-23/16:36:20,23.8,1002.0,1954.0,66.0,242.7
2022-02-23/16:36:21,23.8,1002.0,1954.0,66.0,242.9
2022-02-23/16:36:22,23.8,1002.0,1954.0,66.0,242.8
2022-02-23/16:36:23,23.8,1002.0,1954.0,65.0,243.3
2022-02-23/16:36:24,23.8,1002.0,1954.0,65.0,243.3
2022-02-23/16:36:25,23.8,1002.0,1960.0,59.0,243.3
2022-02-23/16:36:27,23.8,1002.0,1960.0,59.0,243.2
2022-02-23/16:36:28,23.8,1002.0,1960.0,66.0,242.2
2022-02-23/16:36:29,23.8,1002.0,1960.0,66.0,243.0
2022-02-23/16:36:30,23.8,1002.0,1960.0,57.0,244.2
2022-02-23/16:36:31,23.8,1002.0,1960.0,57.0,244.1
2022-02-23/16:36:32,23.8,1002.0,1960.0,66.0,244.2
2022-02-23/16:36:33,23.8,1002.0,1960.0,66.0,244.2
2022-02-23/16:36:34,23.8,1002.0,1960.0,66.0,243.9
2022-02-23/16:36:35,23.8,1002.0,1960.0,66.0,243.5
2022-02-23/16:36:36,23.8,1002.0,1960.0,66.0,243.6
2022-02-23/16:36:38,23.8,1002.0,1960.0,66.0,243.3
2022-02-23/16:36:39,23.8,1002.0,1960.0,62.0,243.3
2022-02-23/16:36:40,23.8,1002.0,1960.0,62.0,243.6
2022-02-23/16:36:41,23.8,1002.0,1966.0,61.0,244.2
2022-02-23/16:36:42,23.8,1002.0,1966.0,61.0,244.2
2022-02-23/16:36:43,23.8,1002.0,1966.0,66.0,244.1
2022-02-23/16:36:44,23.8,1002.0,1966.0,66.0,244.2
2022-02-23/16:36:45,23.8,1002.0,1966.0,66.0,244.2
2022-02-23/16:36:46,23.8,1002.0,1966.0,66.0,244.2
2022-02-23/16:36:47,23.8,1002.0,1966.0,66.0,244.2
2022-02-23/16:36:48,23.8,1002.0,1966.0,66.0,244.2
2022-02-23/16:36:50,23.8,1002.0,1966.0,66.0,244.2
2022-02-23/16:36:51,23.8,1002.0,1966.0,66.0,244.2
2022-02-23/16:36:52,23.8,1002.0,1966.0,66.0,244.2
2022-02-23/16:36:53,23.8,1002.0,1966.0,66.0,244.2
2022-02-23/16:36:54,23.8,1002.0,1972.0,64.0,244.2
2022-02-23/16:36:55,23.8,1002.0,1972.0,64.0,244.2
2022-02-23/16:36:56,23.8,1002.0,1972.0,60.0,244.2
2022-02-23/16:36:57,23.8,1002.0,1972.0,60.0,244.2
2022-02-23/16:36:58,23.8,1002.0,1972.0,66.0,244.2
2022-02-23/16:36:59,23.8,1002.0,1972.0,66.0,244.2
2022-02-23/16:37:01,23.8,1002.0,1972.0,66.0,244.2
2022-02-23/16:37:02,23.8,1002.0,1972.0,66.0,244.2
2022-02-23/16:37:03,23.8,1002.0,1972.0,66.0,244.2
2022-02-23/16:37:04,23.8,1002.0,1972.0,66.0,244.2
2022-02-23/16:37:05,23.8,1002.0,1972.0,66.0,244.2
2022-02-23/16:37:06,23.8,1002.0,1972.0,66.0,244.0
2022-02-23/16:37:07,23.8,1002.0,1972.0,64.0,244.2
2022-02-23/16:37:08,23.8,1002.0,1972.0,64.0,244.2
2022-02-23/16:37:09,23.8,1002.0,1959.0,56.0,244.2
2022-02-23/16:37:10,23.8,1002.0,1959.0,56.0,244.2
2022-02-23/16:37:11,23.8,1002.0,1959.0,66.0,244.2
2022-02-23/16:37:13,23.8,1002.0,1959.0,66.0,244.2
2022-02-23/16:37:14,23.8,1002.0,1959.0,66.0,244.2
2022-02-23/16:37:15,23.8,1002.0,1959.0,66.0,244.2
2022-02-23/16:37:16,23.8,1002.0,1959.0,66.0,244.4
2022-02-23/16:37:17,23.8,1002.0,1959.0,66.0,244.3
2022-02-23/16:37:18,23.8,1002.0,1959.0,66.0,244.2
2022-02-23/16:37:19,23.8,1002.0,1959.0,66.0,244.2
2022-02-23/16:37:20,23.8,1002.0,1959.0,66.0,244.2
2022-02-23/16:37:21,23.8,1002.0,1959.0,66.0,244.2
2022-02-23/16:37:22,23.8,1002.0,1959.0,66.0,244.2
2022-02-23/16:37:24,23.8,1002.0,1959.0,66.0,244.2
2022-02-23/16:37:25,23.8,1002.0,1961.0,59.0,244.4
2022-02-23/16:37:26,23.8,1002.0,1961.0,59.0,244.2
2022-02-23/16:37:27,23.8,1002.0,1961.0,66.0,244.2
2022-02-23/16:37:28,23.8,1002.0,1961.0,66.0,244.2
2022-02-23/16:37:29,23.8,1002.0,1961.0,66.0,244.2
2022-02-23/16:37:30,23.8,1002.0,1961.0,66.0,244.2
2022-02-23/16:37:31,23.8,1002.0,1961.0,66.0,244.2
2022-02-23/16:37:32,23.8,1002.0,1961.0,66.0,244.2
2022-02-23/16:37:33,23.8,1002.0,1961.0,66.0,244.2
2022-02-23/16:37:34,23.8,1002.0,1961.0,66.0,243.9
2022-02-23/16:37:36,23.8,1002.0,1961.0,67.0,244.2
2022-02-23/16:37:37,23.8,1002.0,1961.0,67.0,244.2
2022-02-23/16:37:38,23.8,1002.0,1961.0,64.0,244.2
2022-02-23/16:37:39,23.8,1002.0,1961.0,64.0,244.2
2022-02-23/16:37:40,23.8,1002.0,1951.0,57.0,244.2
2022-02-23/16:37:41,23.8,1002.0,1951.0,57.0,244.2
2022-02-23/16:37:42,23.8,1002.0,1951.0,66.0,244.6
2022-02-23/16:37:43,23.8,1002.0,1951.0,66.0,245.0
2022-02-23/16:37:44,23.8,1002.0,1951.0,66.0,244.9
2022-02-23/16:37:45,23.8,1002.0,1951.0,66.0,245.0
2022-02-23/16:37:47,23.8,1002.0,1951.0,66.0,244.5
2022-02-23/16:37:48,23.8,1002.0,1951.0,66.0,244.2
2022-02-23/16:37:49,23.8,1002.0,1951.0,66.0,244.2
2022-02-23/16:37:50,23.8,1002.0,1951.0,66.0,244.2
2022-02-23/16:37:51,23.8,1002.0,1951.0,65.0,244.2
2022-02-23/16:37:52,23.8,1002.0,1951.0,65.0,244.2
2022-02-23/16:37:53,23.8,1002.0,1951.0,66.0,244.2
2022-02-23/16:37:54,23.8,1002.0,1951.0,66.0,244.2
2022-02-23/16:37:55,23.8,1002.0,1954.0,56.0,244.2
2022-02-23/16:37:56,23.8,1002.0,1954.0,56.0,244.2
2022-02-23/16:37:57,23.8,1002.0,1954.0,66.0,244.2
2022-02-23/16:37:59,23.8,1002.0,1954.0,66.0,244.2
2022-02-23/16:38:00,23.8,1002.0,1954.0,66.0,244.2
2022-02-23/16:38:01,23.8,1002.0,1954.0,66.0,244.2
2022-02-23/16:38:02,23.8,1002.0,1954.0,66.0,244.2
2022-02-23/16:38:03,23.8,1002.0,1954.0,66.0,244.2
2022-02-23/16:38:04,23.8,1002.0,1954.0,66.0,244.2
2022-02-23/16:38:05,23.8,1002.0,1954.0,66.0,244.2
2022-02-23/16:38:06,23.8,1002.0,1954.0,66.0,244.2
2022-02-23/16:38:07,23.8,1002.0,1954.0,66.0,244.2
2022-02-23/16:38:08,23.8,1002.0,1954.0,66.0,244.2
2022-02-23/16:38:09,23.8,1002.0,1954.0,66.0,244.2
2022-02-23/16:38:11,23.8,1002.0,1952.0,59.0,244.2
2022-02-23/16:38:12,23.8,1002.0,1952.0,59.0,244.2
2022-02-23/16:38:13,23.8,1002.0,1952.0,66.0,244.1
2022-02-23/16:38:14,23.8,1002.0,1952.0,66.0,244.2
2022-02-23/16:38:15,23.8,1002.0,1952.0,66.0,244.2
2022-02-23/16:38:16,23.8,1002.0,1952.0,66.0,244.2
2022-02-23/16:38:17,23.8,1002.0,1952.0,66.0,244.2
2022-02-23/16:38:18,23.8,1002.0,1952.0,66.0,244.2
2022-02-23/16:38:19,23.8,1002.0,1952.0,66.0,244.2
2022-02-23/16:38:20,23.8,1002.0,1952.0,66.0,244.2
2022-02-23/16:38:22,23.8,1002.0,1952.0,66.0,244.2
2022-02-23/16:38:23,23.8,1002.0,1952.0,66.0,244.1
2022-02-23/16:38:24,23.8,1002.0,1947.0,63.0,244.1
2022-02-23/16:38:25,23.8,1002.0,1947.0,63.0,243.9
2022-02-23/16:38:26,23.8,1002.0,1947.0,60.0,244.2
2022-02-23/16:38:27,23.8,1002.0,1947.0,60.0,243.7
2022-02-23/16:38:28,23.8,1002.0,1947.0,66.0,243.7
2022-02-23/16:38:29,23.8,1002.0,1947.0,66.0,244.0
2022-02-23/16:38:30,23.8,1002.0,1947.0,66.0,243.6
2022-02-23/16:38:31,23.8,1002.0,1947.0,66.0,244.0
2022-02-23/16:38:32,23.8,1002.0,1947.0,66.0,244.2
2022-02-23/16:38:34,23.8,1002.0,1947.0,66.0,244.2
2022-02-23/16:38:35,23.8,1002.0,1947.0,66.0,243.9
2022-02-23/16:38:36,23.8,1002.0,1947.0,66.0,243.4
2022-02-23/16:38:37,23.8,1002.0,1947.0,66.0,244.1
2022-02-23/16:38:38,23.8,1002.0,1947.0,66.0,244.0
2022-02-23/16:38:39,23.8,1002.0,1946.0,59.0,243.9
2022-02-23/16:38:40,23.8,1002.0,1946.0,59.0,244.2
2022-02-23/16:38:41,23.8,1002.0,1946.0,64.0,244.1
2022-02-23/16:38:42,23.8,1002.0,1946.0,64.0,243.5
2022-02-23/16:38:43,23.8,1002.0,1946.0,66.0,244.0
2022-02-23/16:38:45,23.8,1002.0,1946.0,66.0,244.2
2022-02-23/16:38:46,23.8,1002.0,1946.0,66.0,244.2
2022-02-23/16:38:47,23.8,1002.0,1946.0,66.0,244.2
2022-02-23/16:38:48,23.8,1002.0,1946.0,66.0,244.1
2022-02-23/16:38:49,23.8,1002.0,1946.0,66.0,244.1
2022-02-23/16:38:50,23.8,1002.0,1946.0,66.0,244.2
2022-02-23/16:38:51,23.8,1002.0,1946.0,66.0,244.2
2022-02-23/16:38:52,23.8,1002.0,1946.0,66.0,244.2
2022-02-23/16:38:53,23.8,1002.0,1946.0,66.0,244.2
2022-02-23/16:38:54,23.8,1002.0,1941.0,56.0,244.1
2022-02-23/16:38:55,23.8,1002.0,1941.0,56.0,243.9
2022-02-23/16:38:57,23.8,1002.0,1941.0,66.0,244.0
2022-02-23/16:38:58,23.8,1002.0,1941.0,66.0,243.5
2022-02-23/16:38:59,23.8,1002.0,1941.0,66.0,244.2
2022-02-23/16:39:00,23.8,1002.0,1941.0,66.0,244.2
2022-02-23/16:39:01,23.8,1002.0,1941.0,66.0,244.2
2022-02-23/16:39:02,23.8,1002.0,1941.0,66.0,244.2
2022-02-23/16:39:03,23.8,1002.0,1941.0,66.0,244.2
2022-02-23/16:39:04,23.8,1002.0,1941.0,66.0,244.2
2022-02-23/16:39:05,23.8,1002.0,1941.0,66.0,244.2
2022-02-23/16:39:06,23.8,1002.0,1941.0,66.0,244.2
2022-02-23/16:39:08,23.8,1002.0,1941.0,66.0,244.2
2022-02-23/16:39:09,23.8,1002.0,1941.0,66.0,244.2
2022-02-23/16:39:10,23.8,1002.0,1943.0,58.0,244.2
2022-02-23/16:39:11,23.8,1002.0,1943.0,58.0,244.2
2022-02-23/16:39:12,23.8,1002.0,1943.0,66.0,244.2
2022-02-23/16:39:13,23.8,1002.0,1943.0,66.0,244.2
2022-02-23/16:39:14,23.8,1002.0,1943.0,66.0,244.2
2022-02-23/16:39:15,23.8,1002.0,1943.0,66.0,244.1
2022-02-23/16:39:16,23.8,1002.0,1943.0,66.0,244.1
2022-02-23/16:39:17,23.8,1002.0,1943.0,66.0,244.0
2022-02-23/16:39:18,23.8,1002.0,1943.0,66.0,244.1
2022-02-23/16:39:20,23.8,1002.0,1943.0,66.0,244.2
2022-02-23/16:39:21,23.8,1002.0,1943.0,66.0,244.2
2022-02-23/16:39:22,23.8,1002.0,1943.0,66.0,244.2
2022-02-23/16:39:23,23.8,1002.0,1943.0,66.0,244.2
2022-02-23/16:39:24,23.8,1002.0,1943.0,66.0,244.2
2022-02-23/16:39:25,23.8,1002.0,1932.0,56.0,244.2
2022-02-23/16:39:26,23.8,1002.0,1932.0,56.0,244.2
2022-02-23/16:39:27,23.8,1002.0,1932.0,66.0,244.2
2022-02-23/16:39:28,23.8,1002.0,1932.0,66.0,244.2
2022-02-23/16:39:29,23.8,1002.0,1932.0,66.0,244.2
2022-02-23/16:39:31,23.8,1002.0,1932.0,66.0,244.2
2022-02-23/16:39:32,23.8,1002.0,1932.0,66.0,244.2
2022-02-23/16:39:33,23.8,1002.0,1932.0,66.0,244.5
2022-02-23/16:39:34,23.8,1002.0,1932.0,66.0,244.4
2022-02-23/16:39:35,23.8,1002.0,1932.0,66.0,244.2
2022-02-23/16:39:36,23.8,1002.0,1932.0,66.0,244.2
2022-02-23/16:39:37,23.8,1002.0,1932.0,66.0,244.2
2022-02-23/16:39:38,23.8,1002.0,1932.0,66.0,244.2
2022-02-23/16:39:39,23.8,1002.0,1932.0,66.0,244.2
2022-02-23/16:39:40,23.9,1002.0,1940.0,59.0,244.1
2022-02-23/16:39:41,23.9,1002.0,1940.0,59.0,244.1
2022-02-23/16:39:43,23.9,1002.0,1940.0,66.0,244.2
2022-02-23/16:39:44,23.9,1002.0,1940.0,66.0,244.2
2022-02-23/16:39:45,23.9,1002.0,1940.0,66.0,244.2
2022-02-23/16:39:46,23.9,1002.0,1940.0,66.0,244.2
2022-02-23/16:39:47,23.9,1002.0,1940.0,66.0,244.2
2022-02-23/16:39:48,23.9,1002.0,1940.0,66.0,244.2
2022-02-23/16:39:49,23.9,1002.0,1940.0,66.0,244.2
2022-02-23/16:39:50,23.9,1002.0,1940.0,66.0,244.2
2022-02-23/16:39:51,23.9,1002.0,1940.0,66.0,244.1
2022-02-23/16:39:52,23.9,1002.0,1940.0,66.0,244.1
2022-02-23/16:39:54,23.9,1002.0,1940.0,62.0,244.0
2022-02-23/16:39:55,23.9,1002.0,1940.0,62.0,243.6
2022-02-23/16:39:56,23.9,1002.0,1950.0,63.0,244.2
2022-02-23/16:39:57,23.9,1002.0,1950.0,63.0,244.2
2022-02-23/16:39:58,23.9,1002.0,1950.0,66.0,244.2
2022-02-23/16:39:59,23.9,1002.0,1950.0,66.0,244.2
2022-02-23/16:40:00,23.9,1002.0,1950.0,66.0,244.1
2022-02-23/16:40:01,23.9,1002.0,1950.0,66.0,244.2
2022-02-23/16:40:02,23.9,1002.0,1950.0,66.0,244.2
2022-02-23/16:40:03,23.9,1002.0,1950.0,66.0,244.0
2022-02-23/16:40:04,23.9,1002.0,1950.0,66.0,243.5
2022-02-23/16:40:06,23.9,1002.0,1950.0,66.0,243.4
2022-02-23/16:40:07,23.9,1002.0,1950.0,66.0,243.4
2022-02-23/16:40:08,23.9,1002.0,1950.0,66.0,243.7
2022-02-23/16:40:09,23.9,1002.0,1954.0,64.0,243.7
2022-02-23/16:40:10,23.9,1002.0,1954.0,64.0,244.0
2022-02-23/16:40:11,23.9,1002.0,1954.0,59.0,243.6
2022-02-23/16:40:12,23.9,1002.0,1954.0,59.0,243.6
2022-02-23/16:40:13,23.9,1002.0,1954.0,66.0,243.9
2022-02-23/16:40:14,23.9,1002.0,1954.0,66.0,244.0
2022-02-23/16:40:15,23.9,1002.0,1954.0,66.0,244.0
2022-02-23/16:40:17,23.9,1002.0,1954.0,66.0,244.1
2022-02-23/16:40:18,23.9,1002.0,1954.0,66.0,243.9
2022-02-23/16:40:19,23.9,1002.0,1954.0,66.0,244.0
2022-02-23/16:40:20,23.9,1002.0,1954.0,66.0,243.5
2022-02-23/16:40:21,23.9,1002.0,1954.0,66.0,243.4
2022-02-23/16:40:22,23.9,1002.0,1954.0,66.0,243.4
2022-02-23/16:40:23,23.9,1002.0,1954.0,66.0,243.4
2022-02-23/16:40:24,23.9,1002.0,1955.0,58.0,243.3
2022-02-23/16:40:25,23.9,1002.0,1955.0,58.0,244.0
2022-02-23/16:40:26,23.9,1002.0,1955.0,66.0,243.5
2022-02-23/16:40:27,23.9,1002.0,1955.0,66.0,243.9
2022-02-23/16:40:29,23.9,1002.0,1955.0,66.0,243.5
2022-02-23/16:40:30,23.9,1002.0,1955.0,66.0,243.4
2022-02-23/16:40:31,23.9,1002.0,1955.0,66.0,243.5
2022-02-23/16:40:32,23.9,1002.0,1955.0,66.0,243.4
2022-02-23/16:40:33,23.9,1002.0,1955.0,66.0,243.7
2022-02-23/16:40:34,23.9,1002.0,1955.0,66.0,243.4
2022-02-23/16:40:35,23.9,1002.0,1955.0,66.0,243.8
2022-02-23/16:40:36,23.9,1002.0,1955.0,66.0,243.4
2022-02-23/16:40:37,23.9,1002.0,1955.0,66.0,243.3
2022-02-23/16:40:38,23.9,1002.0,1955.0,66.0,243.3
2022-02-23/16:40:40,23.9,1002.0,1969.0,56.0,243.3
2022-02-23/16:40:41,23.9,1002.0,1969.0,56.0,243.3
2022-02-23/16:40:42,23.9,1002.0,1969.0,66.0,243.7
2022-02-23/16:40:43,23.9,1002.0,1969.0,66.0,243.6
2022-02-23/16:40:44,23.9,1002.0,1969.0,66.0,244.0
2022-02-23/16:40:45,23.9,1002.0,1969.0,66.0,243.9
2022-02-23/16:40:46,23.9,1002.0,1969.0,66.0,243.4
2022-02-23/16:40:47,23.9,1002.0,1969.0,66.0,243.5
2022-02-23/16:40:48,23.9,1002.0,1969.0,66.0,243.3
2022-02-23/16:40:49,23.9,1002.0,1969.0,66.0,243.7
2022-02-23/16:40:50,23.9,1002.0,1969.0,66.0,244.1
2022-02-23/16:40:52,23.9,1002.0,1969.0,66.0,244.1
2022-02-23/16:40:53,23.9,1002.0,1969.0,66.0,244.2
2022-02-23/16:40:54,23.9,1002.0,1969.0,66.0,243.9
2022-02-23/16:40:55,23.9,1002.0,1968.0,57.0,243.6
2022-02-23/16:40:56,23.9,1002.0,1968.0,57.0,244.0
2022-02-23/16:40:57,23.9,1002.0,1968.0,66.0,243.6
2022-02-23/16:40:58,23.9,1002.0,1968.0,66.0,243.6
2022-02-23/16:40:59,23.9,1002.0,1968.0,66.0,243.4
2022-02-23/16:41:00,23.9,1002.0,1968.0,66.0,243.3
2022-02-23/16:41:01,23.9,1002.0,1968.0,66.0,243.7
2022-02-23/16:41:03,23.9,1002.0,1968.0,66.0,243.9
2022-02-23/16:41:04,23.9,1002.0,1968.0,66.0,243.5
2022-02-23/16:41:05,23.9,1002.0,1968.0,66.0,243.3
2022-02-23/16:41:06,23.9,1002.0,1968.0,66.0,243.3
2022-02-23/16:41:07,23.9,1002.0,1968.0,66.0,243.3
2022-02-23/16:41:08,23.9,1002.0,1968.0,66.0,243.3
2022-02-23/16:41:09,23.9,1002.0,1968.0,66.0,243.3
2022-02-23/16:41:10,23.9,1002.0,1967.0,57.0,243.4
2022-02-23/16:41:11,23.9,1002.0,1967.0,57.0,243.3
2022-02-23/16:41:12,23.9,1002.0,1967.0,66.0,243.3
2022-02-23/16:41:13,23.9,1002.0,1967.0,66.0,243.3
2022-02-23/16:41:15,23.9,1002.0,1967.0,66.0,243.3
2022-02-23/16:41:16,23.9,1002.0,1967.0,66.0,243.3
2022-02-23/16:41:17,23.9,1002.0,1967.0,66.0,243.3
2022-02-23/16:41:18,23.9,1002.0,1967.0,66.0,243.3
2022-02-23/16:41:19,23.9,1002.0,1967.0,66.0,243.3
2022-02-23/16:41:20,23.9,1002.0,1967.0,66.0,243.3
2022-02-23/16:41:21,23.9,1002.0,1967.0,66.0,243.3
2022-02-23/16:41:22,23.9,1002.0,1967.0,66.0,243.3
2022-02-23/16:41:23,23.9,1002.0,1967.0,64.0,243.3
2022-02-23/16:41:24,23.9,1002.0,1967.0,64.0,243.3
2022-02-23/16:41:25,23.9,1002.0,1972.0,58.0,243.3
2022-02-23/16:41:27,23.9,1002.0,1972.0,58.0,243.3
2022-02-23/16:41:28,23.9,1002.0,1972.0,66.0,243.3
2022-02-23/16:41:29,23.9,1002.0,1972.0,66.0,243.3
2022-02-23/16:41:30,23.9,1002.0,1972.0,66.0,243.3
2022-02-23/16:41:31,23.9,1002.0,1972.0,66.0,243.3
2022-02-23/16:41:32,23.9,1002.0,1972.0,66.0,243.3
2022-02-23/16:41:33,23.9,1002.0,1972.0,66.0,243.3
2022-02-23/16:41:34,23.9,1002.0,1972.0,66.0,243.3
2022-02-23/16:41:35,23.9,1002.0,1972.0,66.0,243.3
2022-02-23/16:41:37,23.9,1002.0,1972.0,66.0,243.3
2022-02-23/16:41:38,23.9,1002.0,1972.0,66.0,243.3
2022-02-23/16:41:39,23.9,1002.0,1962.0,62.0,243.2
2022-02-23/16:41:40,23.9,1002.0,1962.0,62.0,243.3
2022-02-23/16:41:41,23.9,1002.0,1962.0,60.0,243.3
2022-02-23/16:41:42,23.9,1002.0,1962.0,60.0,243.3
2022-02-23/16:41:43,23.9,1002.0,1962.0,66.0,243.3
2022-02-23/16:41:44,23.9,1002.0,1962.0,66.0,243.3
2022-02-23/16:41:45,23.9,1002.0,1962.0,66.0,243.3
2022-02-23/16:41:46,23.9,1002.0,1962.0,66.0,243.3
2022-02-23/16:41:47,23.9,1002.0,1962.0,66.0,243.3
2022-02-23/16:41:48,23.9,1002.0,1962.0,66.0,243.3
2022-02-23/16:41:50,23.9,1002.0,1962.0,66.0,243.3
2022-02-23/16:41:51,23.9,1002.0,1962.0,66.0,243.1
2022-02-23/16:41:52,23.9,1002.0,1962.0,66.0,243.3
2022-02-23/16:41:53,23.9,1002.0,1962.0,66.0,243.3
2022-02-23/16:41:54,23.9,1002.0,1956.0,60.0,243.0
2022-02-23/16:41:55,23.9,1002.0,1956.0,60.0,243.2
2022-02-23/16:41:56,23.9,1002.0,1956.0,62.0,242.8
2022-02-23/16:41:57,23.9,1002.0,1956.0,62.0,243.2
2022-02-23/16:41:58,23.9,1002.0,1956.0,66.0,243.2
2022-02-23/16:41:59,23.9,1002.0,1956.0,66.0,242.9
2022-02-23/16:42:01,23.9,1002.0,1956.0,66.0,243.0
2022-02-23/16:42:02,23.9,1002.0,1956.0,66.0,243.0
2022-02-23/16:42:03,23.9,1002.0,1956.0,66.0,242.7
2022-02-23/16:42:04,23.9,1002.0,1956.0,66.0,242.5
2022-02-23/16:42:05,23.9,1002.0,1956.0,66.0,242.7
2022-02-23/16:42:06,23.9,1002.0,1956.0,66.0,242.8
2022-02-23/16:42:07,23.9,1002.0,1956.0,66.0,243.0
2022-02-23/16:42:08,23.9,1002.0,1956.0,66.0,243.3
2022-02-23/16:42:09,23.9,1002.0,1960.0,57.0,243.3
2022-02-23/16:42:10,23.9,1002.0,1960.0,57.0,243.3
2022-02-23/16:42:11,23.9,1002.0,1960.0,62.0,243.3
2022-02-23/16:42:13,23.9,1002.0,1960.0,62.0,243.2
2022-02-23/16:42:14,23.9,1002.0,1960.0,59.0,243.2
2022-02-23/16:42:15,23.9,1002.0,1960.0,59.0,243.3
2022-02-23/16:42:16,23.9,1002.0,1960.0,66.0,243.3
2022-02-23/16:42:17,23.9,1002.0,1960.0,66.0,243.3
2022-02-23/16:42:18,23.9,1002.0,1960.0,66.0,243.3
2022-02-23/16:42:19,23.9,1002.0,1960.0,66.0,243.3
2022-02-23/16:42:20,23.9,1002.0,1960.0,66.0,243.3
2022-02-23/16:42:21,23.9,1002.0,1960.0,66.0,243.3
2022-02-23/16:42:22,23.9,1002.0,1960.0,66.0,243.3
2022-02-23/16:42:24,23.9,1002.0,1960.0,66.0,243.3
2022-02-23/16:42:25,23.9,1002.0,1961.0,56.0,243.3
2022-02-23/16:42:26,23.9,1002.0,1961.0,56.0,243.1
2022-02-23/16:42:27,23.9,1002.0,1961.0,66.0,242.7
2022-02-23/16:42:28,23.9,1002.0,1961.0,66.0,242.7
2022-02-23/16:42:29,23.9,1002.0,1961.0,66.0,242.7
2022-02-23/16:42:30,23.9,1002.0,1961.0,66.0,243.0
2022-02-23/16:42:31,23.9,1002.0,1961.0,66.0,243.0
2022-02-23/16:42:32,23.9,1002.0,1961.0,66.0,243.0
2022-02-23/16:42:33,23.9,1002.0,1961.0,66.0,243.3
2022-02-23/16:42:34,23.9,1002.0,1961.0,66.0,243.2
2022-02-23/16:42:36,23.9,1002.0,1961.0,66.0,242.9
2022-02-23/16:42:37,23.9,1002.0,1961.0,66.0,243.2
2022-02-23/16:42:38,23.9,1002.0,1961.0,66.0,242.9
2022-02-23/16:42:39,23.9,1002.0,1961.0,66.0,243.2
2022-02-23/16:42:40,23.9,1002.0,1964.0,58.0,242.7
2022-02-23/16:42:41,23.9,1002.0,1964.0,58.0,242.5
2022-02-23/16:42:42,23.9,1002.0,1964.0,66.0,242.5
2022-02-23/16:42:43,23.9,1002.0,1964.0,66.0,242.5
2022-02-23/16:42:44,23.9,1002.0,1964.0,66.0,242.5
2022-02-23/16:42:45,23.9,1002.0,1964.0,66.0,242.5
2022-02-23/16:42:47,23.9,1002.0,1964.0,66.0,242.5
2022-02-23/16:42:48,23.9,1002.0,1964.0,66.0,242.5
2022-02-23/16:42:49,23.9,1002.0,1964.0,66.0,242.5
2022-02-23/16:42:50,23.9,1002.0,1964.0,66.0,242.5
2022-02-23/16:42:51,23.9,1002.0,1964.0,66.0,242.5
2022-02-23/16:42:52,23.9,1002.0,1964.0,66.0,242.5
2022-02-23/16:42:53,23.9,1002.0,1964.0,66.0,242.5
2022-02-23/16:42:54,23.9,1002.0,1964.0,66.0,242.5
2022-02-23/16:42:55,23.9,1002.0,1954.0,57.0,242.5
2022-02-23/16:42:56,23.9,1002.0,1954.0,57.0,242.5
2022-02-23/16:42:57,23.9,1002.0,1954.0,66.0,242.5
2022-02-23/16:42:59,23.9,1002.0,1954.0,66.0,242.5
2022-02-23/16:43:00,23.9,1002.0,1954.0,66.0,242.5
2022-02-23/16:43:01,23.9,1002.0,1954.0,66.0,242.5
2022-02-23/16:43:02,23.9,1002.0,1954.0,66.0,242.5
2022-02-23/16:43:03,23.9,1002.0,1954.0,66.0,242.5
2022-02-23/16:43:04,23.9,1002.0,1954.0,66.0,242.5
2022-02-23/16:43:05,23.9,1002.0,1954.0,66.0,242.5
2022-02-23/16:43:06,23.9,1002.0,1954.0,66.0,242.5
2022-02-23/16:43:07,23.9,1002.0,1954.0,66.0,242.5
2022-02-23/16:43:08,23.9,1002.0,1954.0,66.0,242.5
2022-02-23/16:43:10,23.9,1002.0,1954.0,66.0,242.5
2022-02-23/16:43:11,23.9,1002.0,1961.0,60.0,242.5
2022-02-23/16:43:12,23.9,1002.0,1961.0,60.0,242.5
2022-02-23/16:43:13,23.9,1002.0,1961.0,59.0,242.5
2022-02-23/16:43:14,23.9,1002.0,1961.0,59.0,242.5
2022-02-23/16:43:15,23.9,1002.0,1961.0,56.0,242.5
2022-02-23/16:43:16,23.9,1002.0,1961.0,56.0,242.5
2022-02-23/16:43:17,23.9,1002.0,1961.0,66.0,242.5
2022-02-23/16:43:18,23.9,1002.0,1961.0,66.0,242.5
2022-02-23/16:43:19,23.9,1002.0,1961.0,66.0,242.5
2022-02-23/16:43:20,23.9,1002.0,1961.0,66.0,242.5
2022-02-23/16:43:22,23.9,1002.0,1961.0,66.0,242.5
2022-02-23/16:43:23,23.9,1002.0,1961.0,66.0,242.5
2022-02-23/16:43:24,23.9,1002.0,1978.0,64.0,242.5
2022-02-23/16:43:25,23.9,1002.0,1978.0,64.0,242.5
2022-02-23/16:43:26,23.9,1002.0,1978.0,59.0,242.5
2022-02-23/16:43:27,23.9,1002.0,1978.0,59.0,242.5
2022-02-23/16:43:28,23.9,1002.0,1978.0,66.0,242.5
2022-02-23/16:43:29,23.9,1002.0,1978.0,66.0,242.5
2022-02-23/16:43:30,23.9,1002.0,1978.0,66.0,242.5
2022-02-23/16:43:31,23.9,1002.0,1978.0,66.0,242.5
2022-02-23/16:43:33,23.9,1002.0,1978.0,66.0,242.5
2022-02-23/16:43:34,23.9,1002.0,1978.0,66.0,242.5
2022-02-23/16:43:35,23.9,1002.0,1978.0,66.0,242.5
2022-02-23/16:43:36,23.9,1002.0,1978.0,66.0,242.5
2022-02-23/16:43:37,23.9,1002.0,1978.0,66.0,242.5
2022-02-23/16:43:38,23.9,1002.0,1978.0,66.0,242.5
2022-02-23/16:43:39,23.9,1002.0,1981.0,54.0,242.5
2022-02-23/16:43:40,23.9,1002.0,1981.0,54.0,242.5
2022-02-23/16:43:41,23.9,1002.0,1981.0,64.0,242.5
2022-02-23/16:43:42,23.9,1002.0,1981.0,64.0,241.9
2022-02-23/16:43:43,23.9,1002.0,1981.0,66.0,242.1
2022-02-23/16:43:45,23.9,1002.0,1981.0,66.0,242.4
2022-02-23/16:43:46,23.9,1002.0,1981.0,66.0,242.4
2022-02-23/16:43:47,23.9,1002.0,1981.0,66.0,242.5
2022-02-23/16:43:48,23.9,1002.0,1981.0,66.0,242.5
2022-02-23/16:43:49,23.9,1002.0,1981.0,66.0,242.5
2022-02-23/16:43:50,23.9,1002.0,1981.0,66.0,242.5
2022-02-23/16:43:51,23.9,1002.0,1981.0,66.0,242.5
2022-02-23/16:43:52,23.9,1002.0,1981.0,66.0,242.5
2022-02-23/16:43:53,23.9,1002.0,1981.0,66.0,242.4
2022-02-23/16:43:54,23.9,1002.0,1973.0,58.0,242.3
2022-02-23/16:43:55,23.9,1002.0,1973.0,58.0,242.4
2022-02-23/16:43:57,23.9,1002.0,1973.0,65.0,242.4
2022-02-23/16:43:58,23.9,1002.0,1973.0,65.0,242.5
2022-02-23/16:43:59,23.9,1002.0,1973.0,63.0,241.9
2022-02-23/16:44:00,23.9,1002.0,1973.0,63.0,242.0
2022-02-23/16:44:01,23.9,1002.0,1973.0,62.0,242.5
2022-02-23/16:44:02,23.9,1002.0,1973.0,62.0,242.5
2022-02-23/16:44:03,23.9,1002.0,1973.0,66.0,242.5
2022-02-23/16:44:04,23.9,1002.0,1973.0,66.0,241.9
2022-02-23/16:44:05,23.9,1002.0,1973.0,66.0,242.4
2022-02-23/16:44:06,23.9,1002.0,1973.0,66.0,242.1
2022-02-23/16:44:08,23.9,1002.0,1973.0,66.0,241.7
2022-02-23/16:44:09,23.9,1002.0,1973.0,66.0,241.7
2022-02-23/16:44:10,23.9,1002.0,1971.0,56.0,241.7
2022-02-23/16:44:11,23.9,1002.0,1971.0,56.0,241.7
2022-02-23/16:44:12,23.9,1002.0,1971.0,66.0,241.7
2022-02-23/16:44:13,23.9,1002.0,1971.0,66.0,241.7
2022-02-23/16:44:14,23.9,1002.0,1971.0,66.0,241.7
2022-02-23/16:44:15,23.9,1002.0,1971.0,66.0,241.7
2022-02-23/16:44:16,23.9,1002.0,1971.0,66.0,241.7
2022-02-23/16:44:17,23.9,1002.0,1971.0,66.0,241.7
2022-02-23/16:44:19,23.9,1002.0,1971.0,66.0,242.3
2022-02-23/16:44:20,23.9,1002.0,1971.0,66.0,242.2
2022-02-23/16:44:21,23.9,1002.0,1971.0,66.0,241.7
2022-02-23/16:44:22,23.9,1002.0,1971.0,66.0,241.7
2022-02-23/16:44:23,23.9,1002.0,1971.0,66.0,241.7
2022-02-23/16:44:24,23.9,1002.0,1971.0,66.0,241.7
2022-02-23/16:44:25,24.0,1002.0,1964.0,59.0,241.7
2022-02-23/16:44:26,24.0,1002.0,1964.0,59.0,241.7
2022-02-23/16:44:27,24.0,1002.0,1964.0,66.0,241.7
2022-02-23/16:44:28,24.0,1002.0,1964.0,66.0,241.7
2022-02-23/16:44:29,24.0,1002.0,1964.0,66.0,241.7
2022-02-23/16:44:31,24.0,1002.0,1964.0,66.0,241.7
2022-02-23/16:44:32,24.0,1002.0,1964.0,66.0,241.7
2022-02-23/16:44:33,24.0,1002.0,1964.0,66.0,241.7
2022-02-23/16:44:34,24.0,1002.0,1964.0,66.0,241.7
2022-02-23/16:44:35,24.0,1002.0,1964.0,66.0,241.7
2022-02-23/16:44:36,24.0,1002.0,1964.0,66.0,241.7
2022-02-23/16:44:37,24.0,1002.0,1964.0,66.0,241.7
2022-02-23/16:44:38,24.0,1002.0,1964.0,66.0,241.7
2022-02-23/16:44:39,24.0,1002.0,1964.0,66.0,241.7
2022-02-23/16:44:40,24.0,1002.0,1973.0,56.0,241.7
2022-02-23/16:44:41,24.0,1002.0,1973.0,56.0,241.7
2022-02-23/16:44:43,24.0,1002.0,1973.0,66.0,241.7
2022-02-23/16:44:44,24.0,1002.0,1973.0,66.0,241.7
2022-02-23/16:44:45,24.0,1002.0,1973.0,66.0,241.6
2022-02-23/16:44:46,24.0,1002.0,1973.0,66.0,241.7
2022-02-23/16:44:47,24.0,1002.0,1973.0,66.0,241.7
2022-02-23/16:44:48,24.0,1002.0,1973.0,66.0,241.2
2022-02-23/16:44:49,24.0,1002.0,1973.0,66.0,241.6
2022-02-23/16:44:50,24.0,1002.0,1973.0,66.0,241.5
2022-02-23/16:44:51,24.0,1002.0,1973.0,65.0,241.5
2022-02-23/16:44:52,24.0,1002.0,1973.0,65.0,241.7
2022-02-23/16:44:54,24.0,1002.0,1973.0,62.0,241.6
2022-02-23/16:44:55,24.0,1002.0,1973.0,62.0,241.5
2022-02-23/16:44:56,24.0,1002.0,1972.0,61.0,241.6
2022-02-23/16:44:57,24.0,1002.0,1972.0,61.0,241.6
2022-02-23/16:44:58,24.0,1002.0,1972.0,66.0,241.4
2022-02-23/16:44:59,24.0,1002.0,1972.0,66.0,241.5
2022-02-23/16:45:00,24.0,1002.0,1972.0,66.0,241.2
2022-02-23/16:45:01,24.0,1002.0,1972.0,66.0,241.1
2022-02-23/16:45:02,24.0,1002.0,1972.0,66.0,240.9
2022-02-23/16:45:03,24.0,1002.0,1972.0,66.0,240.8
2022-02-23/16:45:05,24.0,1002.0,1972.0,66.0,240.8
2022-02-23/16:45:06,24.0,1002.0,1972.0,66.0,240.8
2022-02-23/16:45:07,24.0,1002.0,1972.0,66.0,240.8
2022-02-23/16:45:08,24.0,1002.0,1972.0,66.0,240.8
2022-02-23/16:45:09,24.0,1002.0,1974.0,61.0,240.8
2022-02-23/16:45:10,24.0,1002.0,1974.0,61.0,240.8
2022-02-23/16:45:11,24.0,1002.0,1974.0,62.0,240.8
2022-02-23/16:45:12,24.0,1002.0,1974.0,62.0,240.8
2022-02-23/16:45:13,24.0,1002.0,1974.0,53.0,240.8
2022-02-23/16:45:14,24.0,1002.0,1974.0,53.0,241.5
2022-02-23/16:45:15,24.0,1002.0,1974.0,65.0,241.7
2022-02-23/16:45:17,24.0,1002.0,1974.0,65.0,241.7
2022-02-23/16:45:18,24.0,1002.0,1974.0,55.0,241.7
2022-02-23/16:45:19,24.0,1002.0,1974.0,55.0,241.3
2022-02-23/16:45:20,24.0,1002.0,1974.0,63.0,240.9
2022-02-23/16:45:21,24.0,1002.0,1974.0,63.0,240.9
2022-02-23/16:45:22,24.0,1002.0,1974.0,66.0,240.8
2022-02-23/16:45:23,24.0,1002.0,1974.0,66.0,240.8
2022-02-23/16:45:24,23.9,1002.0,1977.0,62.0,240.8
2022-02-23/16:45:25,23.9,1002.0,1977.0,62.0,240.8
2022-02-23/16:45:26,23.9,1002.0,1977.0,63.0,240.9
2022-02-23/16:45:27,23.9,1002.0,1977.0,63.0,241.0
2022-02-23/16:45:29,23.9,1002.0,1977.0,66.0,240.8
2022-02-23/16:45:30,23.9,1002.0,1977.0,66.0,240.8
2022-02-23/16:45:31,23.9,1002.0,1977.0,64.0,240.8
2022-02-23/16:45:32,23.9,1002.0,1977.0,64.0,240.8
2022-02-23/16:45:33,23.9,1002.0,1977.0,61.0,242.3
2022-02-23/16:45:34,23.9,1002.0,1977.0,61.0,242.5
2022-02-23/16:45:35,23.9,1002.0,1977.0,66.0,242.2
2022-02-23/16:45:36,23.9,1002.0,1977.0,66.0,241.7
2022-02-23/16:45:37,23.9,1002.0,1977.0,66.0,241.7
2022-02-23/16:45:38,23.9,1002.0,1977.0,66.0,241.7
2022-02-23/16:45:40,24.0,1002.0,1984.0,58.0,241.7
2022-02-23/16:45:41,24.0,1002.0,1984.0,58.0,241.6
2022-02-23/16:45:42,24.0,1002.0,1984.0,66.0,241.7
2022-02-23/16:45:43,24.0,1002.0,1984.0,66.0,241.5
2022-02-23/16:45:44,24.0,1002.0,1984.0,66.0,241.6
2022-02-23/16:45:45,24.0,1002.0,1984.0,66.0,241.6
2022-02-23/16:45:46,24.0,1002.0,1984.0,66.0,241.7
2022-02-23/16:45:47,24.0,1002.0,1984.0,66.0,241.7
2022-02-23/16:45:48,24.0,1002.0,1984.0,66.0,241.7
2022-02-23/16:45:49,24.0,1002.0,1984.0,66.0,241.6
2022-02-23/16:45:50,24.0,1002.0,1984.0,65.0,241.4
2022-02-23/16:45:52,24.0,1002.0,1984.0,65.0,241.4
2022-02-23/16:45:53,24.0,1002.0,1984.0,65.0,241.5
2022-02-23/16:45:54,24.0,1002.0,1984.0,65.0,240.9
2022-02-23/16:45:55,23.9,1002.0,1990.0,55.0,240.8
2022-02-23/16:45:56,23.9,1002.0,1990.0,55.0,240.9
2022-02-23/16:45:57,23.9,1002.0,1990.0,66.0,240.8
2022-02-23/16:45:58,23.9,1002.0,1990.0,66.0,240.8
2022-02-23/16:45:59,23.9,1002.0,1990.0,66.0,241.4
2022-02-23/16:46:00,23.9,1002.0,1990.0,66.0,241.3
2022-02-23/16:46:01,23.9,1002.0,1990.0,65.0,240.8
2022-02-23/16:46:03,23.9,1002.0,1990.0,65.0,240.9
2022-02-23/16:46:04,23.9,1002.0,1990.0,66.0,240.9
2022-02-23/16:46:05,23.9,1002.0,1990.0,66.0,240.8
2022-02-23/16:46:06,23.9,1002.0,1990.0,61.0,240.9
2022-02-23/16:46:07,23.9,1002.0,1990.0,61.0,240.8
2022-02-23/16:46:08,23.9,1002.0,1990.0,66.0,240.8
2022-02-23/16:46:09,23.9,1002.0,1990.0,66.0,240.8
2022-02-23/16:46:10,24.0,1002.0,1990.0,59.0,240.8
2022-02-23/16:46:11,24.0,1002.0,1990.0,59.0,240.9
2022-02-23/16:46:12,24.0,1002.0,1990.0,66.0,240.8
2022-02-23/16:46:13,24.0,1002.0,1990.0,66.0,240.8
2022-02-23/16:46:15,24.0,1002.0,1990.0,66.0,240.8
2022-02-23/16:46:16,24.0,1002.0,1990.0,66.0,240.8
2022-02-23/16:46:17,24.0,1002.0,1990.0,66.0,240.8
2022-02-23/16:46:18,24.0,1002.0,1990.0,66.0,240.8
2022-02-23/16:46:19,24.0,1002.0,1990.0,66.0,240.8
2022-02-23/16:46:20,24.0,1002.0,1990.0,66.0,240.8
2022-02-23/16:46:21,24.0,1002.0,1990.0,68.0,240.8
2022-02-23/16:46:22,24.0,1002.0,1990.0,68.0,240.8
2022-02-23/16:46:23,24.0,1002.0,1990.0,66.0,240.8
2022-02-23/16:46:24,24.0,1002.0,1990.0,66.0,240.8
2022-02-23/16:46:26,24.0,1002.0,1986.0,57.0,240.8
2022-02-23/16:46:27,24.0,1002.0,1986.0,57.0,240.8
2022-02-23/16:46:28,24.0,1002.0,1986.0,66.0,240.7
2022-02-23/16:46:29,24.0,1002.0,1986.0,66.0,240.8
2022-02-23/16:46:30,24.0,1002.0,1986.0,66.0,240.8
2022-02-23/16:46:31,24.0,1002.0,1986.0,66.0,240.8
2022-02-23/16:46:32,24.0,1002.0,1986.0,66.0,240.7
2022-02-23/16:46:33,24.0,1002.0,1986.0,66.0,240.8
2022-02-23/16:46:34,24.0,1002.0,1986.0,66.0,240.8
2022-02-23/16:46:35,24.0,1002.0,1986.0,66.0,240.8
2022-02-23/16:46:36,24.0,1002.0,1986.0,66.0,240.3
2022-02-23/16:46:38,24.0,1002.0,1986.0,66.0,240.4
2022-02-23/16:46:39,24.0,1002.0,1995.0,62.0,240.6
2022-02-23/16:46:40,24.0,1002.0,1995.0,62.0,240.6
2022-02-23/16:46:41,24.0,1002.0,1995.0,62.0,240.4
2022-02-23/16:46:42,24.0,1002.0,1995.0,62.0,240.6
2022-02-23/16:46:43,24.0,1002.0,1995.0,66.0,240.8
2022-02-23/16:46:44,24.0,1002.0,1995.0,66.0,240.6
2022-02-23/16:46:45,24.0,1002.0,1995.0,66.0,240.3
2022-02-23/16:46:46,24.0,1002.0,1995.0,66.0,240.4
2022-02-23/16:46:47,24.0,1002.0,1995.0,66.0,240.4
2022-02-23/16:46:48,24.0,1002.0,1995.0,66.0,240.3
2022-02-23/16:46:50,24.0,1002.0,1995.0,66.0,240.0
2022-02-23/16:46:51,24.0,1002.0,1995.0,66.0,240.3
2022-02-23/16:46:52,24.0,1002.0,1995.0,66.0,240.2
2022-02-23/16:46:53,24.0,1002.0,1995.0,66.0,240.3
2022-02-23/16:46:54,24.0,1002.0,1997.0,57.0,240.0
2022-02-23/16:46:55,24.0,1002.0,1997.0,57.0,240.0
2022-02-23/16:46:56,24.0,1002.0,1997.0,64.0,240.2
2022-02-23/16:46:57,24.0,1002.0,1997.0,64.0,238.8
2022-02-23/16:46:58,24.0,1002.0,1997.0,64.0,237.7
2022-02-23/16:46:59,24.0,1002.0,1997.0,64.0,237.7
2022-02-23/16:47:01,24.0,1002.0,1997.0,61.0,237.7
2022-02-23/16:47:02,24.0,1002.0,1997.0,61.0,237.7
2022-02-23/16:47:03,24.0,1002.0,1997.0,66.0,237.5
2022-02-23/16:47:04,24.0,1002.0,1997.0,66.0,237.5
2022-02-23/16:47:05,24.0,1002.0,1997.0,66.0,237.5
2022-02-23/16:47:06,24.0,1002.0,1997.0,66.0,237.5
2022-02-23/16:47:07,24.0,1002.0,1997.0,66.0,237.5
2022-02-23/16:47:08,24.0,1002.0,1997.0,66.0,237.5
2022-02-23/16:47:09,24.0,1002.0,1993.0,57.0,237.5
2022-02-23/16:47:10,24.0,1002.0,1993.0,57.0,237.5
2022-02-23/16:47:11,24.0,1002.0,1993.0,66.0,237.5
2022-02-23/16:47:13,24.0,1002.0,1993.0,66.0,237.5
2022-02-23/16:47:14,24.0,1002.0,1993.0,66.0,237.5
2022-02-23/16:47:15,24.0,1002.0,1993.0,66.0,237.5
2022-02-23/16:47:16,24.0,1002.0,1993.0,66.0,237.6
2022-02-23/16:47:17,24.0,1002.0,1993.0,66.0,237.2
2022-02-23/16:47:18,24.0,1002.0,1993.0,62.0,237.8
2022-02-23/16:47:19,24.0,1002.0,1993.0,62.0,238.3
2022-02-23/16:47:20,24.0,1002.0,1993.0,64.0,237.8
2022-02-23/16:47:21,24.0,1002.0,1993.0,64.0,238.3
2022-02-23/16:47:22,24.0,1002.0,1993.0,57.0,238.3
2022-02-23/16:47:24,24.0,1002.0,1993.0,57.0,238.3
2022-02-23/16:47:25,24.0,1002.0,1993.0,56.0,238.3
2022-02-23/16:47:26,24.0,1002.0,1993.0,56.0,238.3
2022-02-23/16:47:27,24.0,1002.0,1993.0,65.0,238.3
2022-02-23/16:47:28,24.0,1002.0,1993.0,65.0,238.3
2022-02-23/16:47:29,24.0,1002.0,1993.0,61.0,238.3
2022-02-23/16:47:30,24.0,1002.0,1993.0,61.0,238.3
2022-02-23/16:47:31,24.0,1002.0,1993.0,66.0,238.3
2022-02-23/16:47:32,24.0,1002.0,1993.0,66.0,238.3
2022-02-23/16:47:33,24.0,1002.0,1993.0,64.0,238.3
2022-02-23/16:47:34,24.0,1002.0,1993.0,64.0,238.3
2022-02-23/16:47:36,24.0,1002.0,1993.0,66.0,238.3
2022-02-23/16:47:37,24.0,1002.0,1993.0,66.0,238.2
2022-02-23/16:47:38,24.0,1002.0,1993.0,66.0,238.1
2022-02-23/16:47:39,24.0,1002.0,1993.0,66.0,237.8
2022-02-23/16:47:40,24.0,1002.0,2001.0,55.0,238.1
2022-02-23/16:47:41,24.0,1002.0,2001.0,55.0,238.3
2022-02-23/16:47:42,24.0,1002.0,2001.0,63.0,238.1
2022-02-23/16:47:43,24.0,1002.0,2001.0,63.0,237.5
2022-02-23/16:47:44,24.0,1002.0,2001.0,62.0,237.5
2022-02-23/16:47:45,24.0,1002.0,2001.0,62.0,237.5
2022-02-23/16:47:47,24.0,1002.0,2001.0,68.0,237.5
2022-02-23/16:47:48,24.0,1002.0,2001.0,68.0,237.5
2022-02-23/16:47:49,24.0,1002.0,2001.0,66.0,237.5
2022-02-23/16:47:50,24.0,1002.0,2001.0,66.0,237.5
2022-02-23/16:47:51,24.0,1002.0,2001.0,63.0,236.7
2022-02-23/16:47:52,24.0,1002.0,2001.0,63.0,236.7
2022-02-23/16:47:53,24.0,1002.0,2001.0,66.0,236.7
2022-02-23/16:47:54,24.0,1002.0,2001.0,66.0,236.7
2022-02-23/16:47:55,24.0,1002.0,1999.0,61.0,236.7
2022-02-23/16:47:56,24.0,1002.0,1999.0,61.0,236.7
2022-02-23/16:47:57,24.0,1002.0,1999.0,66.0,236.7
2022-02-23/16:47:59,24.0,1002.0,1999.0,66.0,236.7
2022-02-23/16:48:00,24.0,1002.0,1999.0,66.0,236.7
2022-02-23/16:48:01,24.0,1002.0,1999.0,66.0,236.7
2022-02-23/16:48:02,24.0,1002.0,1999.0,66.0,236.6
2022-02-23/16:48:03,24.0,1002.0,1999.0,66.0,236.4
2022-02-23/16:48:04,24.0,1002.0,1999.0,66.0,236.2
2022-02-23/16:48:05,24.0,1002.0,1999.0,66.0,236.0
2022-02-23/16:48:06,24.0,1002.0,1999.0,66.0,235.9
2022-02-23/16:48:07,24.0,1002.0,1999.0,66.0,235.8
2022-02-23/16:48:08,24.0,1002.0,1999.0,62.0,235.8
2022-02-23/16:48:10,24.0,1002.0,1999.0,62.0,235.8
2022-02-23/16:48:11,24.0,1002.0,1971.0,60.0,235.8
2022-02-23/16:48:12,24.0,1002.0,1971.0,60.0,235.8
2022-02-23/16:48:13,24.0,1002.0,1971.0,66.0,235.8
2022-02-23/16:48:14,24.0,1002.0,1971.0,66.0,235.8
2022-02-23/16:48:15,24.0,1002.0,1971.0,66.0,235.8
2022-02-23/16:48:16,24.0,1002.0,1971.0,66.0,235.8
2022-02-23/16:48:17,24.0,1002.0,1971.0,66.0,235.8
2022-02-23/16:48:18,24.0,1002.0,1971.0,66.0,235.8
2022-02-23/16:48:19,24.0,1002.0,1971.0,66.0,235.8
2022-02-23/16:48:20,24.0,1002.0,1971.0,66.0,235.8
2022-02-23/16:48:22,24.0,1002.0,1971.0,66.0,235.8
2022-02-23/16:48:23,24.0,1002.0,1971.0,66.0,235.8
2022-02-23/16:48:24,23.8,1002.0,1913.0,63.0,235.8
2022-02-23/16:48:25,23.8,1002.0,1913.0,63.0,235.8
2022-02-23/16:48:26,23.8,1002.0,1913.0,60.0,235.8
2022-02-23/16:48:27,23.8,1002.0,1913.0,60.0,235.8
2022-02-23/16:48:28,23.8,1002.0,1913.0,66.0,236.0
2022-02-23/16:48:29,23.8,1002.0,1913.0,66.0,235.8
2022-02-23/16:48:30,23.8,1002.0,1913.0,66.0,235.9
2022-02-23/16:48:31,23.8,1002.0,1913.0,66.0,236.1
2022-02-23/16:48:33,23.8,1002.0,1913.0,66.0,236.2
2022-02-23/16:48:34,23.8,1002.0,1913.0,66.0,236.7
2022-02-23/16:48:35,23.8,1002.0,1913.0,66.0,236.7
2022-02-23/16:48:36,23.8,1002.0,1913.0,66.0,236.7
2022-02-23/16:48:37,23.8,1002.0,1913.0,67.0,236.5
2022-02-23/16:48:38,23.8,1002.0,1913.0,67.0,236.4
2022-02-23/16:48:39,23.7,1002.0,1844.0,62.0,235.6
2022-02-23/16:48:40,23.7,1002.0,1844.0,62.0,236.1
2022-02-23/16:48:41,23.7,1002.0,1844.0,58.0,236.7
2022-02-23/16:48:42,23.7,1002.0,1844.0,58.0,236.1
2022-02-23/16:48:43,23.7,1002.0,1844.0,47.0,219.0
2022-02-23/16:48:45,23.7,1002.0,1844.0,47.0,238.0
2022-02-23/16:48:46,23.7,1002.0,1844.0,59.0,237.3
2022-02-23/16:48:47,23.7,1002.0,1844.0,59.0,237.5
2022-02-23/16:48:48,23.7,1002.0,1844.0,63.0,237.2
2022-02-23/16:48:49,23.7,1002.0,1844.0,63.0,238.1
2022-02-23/16:48:50,23.7,1002.0,1844.0,66.0,238.0
2022-02-23/16:48:51,23.7,1002.0,1844.0,66.0,237.7
2022-02-23/16:48:52,23.7,1002.0,1844.0,66.0,237.6
2022-02-23/16:48:53,23.7,1002.0,1844.0,66.0,237.7
2022-02-23/16:48:54,23.6,1002.0,1766.0,54.0,237.9
2022-02-23/16:48:55,23.6,1002.0,1766.0,54.0,238.1
2022-02-23/16:48:58,23.6,1002.0,1766.0,66.0,237.9