time,tempce,luftfeucht,co2,laut,hell
2022-02-05/15:40:22,23.15,995.7,1866.0,58.84961,71.66667
2022-02-05/15:40:23,23.15,995.7,1866.0,58.84961,72.1875
2022-02-05/15:40:24,23.15,995.7,1866.0,58.84961,72.5
2022-02-05/15:40:25,23.15,995.7,1866.0,61.4046,72.5
2022-02-05/15:40:26,23.15,995.7,1866.0,61.4046,72.5
2022-02-05/15:40:27,23.15,995.7,1866.0,61.4046,72.8125
2022-02-05/15:40:28,23.15,995.7,1866.0,63.34314,72.70833
2022-02-05/15:40:29,23.15,995.7,1866.0,63.34314,72.60417
2022-02-05/15:40:30,23.15,995.7,1866.0,63.34314,72.70833
2022-02-05/15:40:31,23.15,995.7,1866.0,59.04572,73.33332
2022-02-05/15:40:33,23.15,995.7,1866.0,59.04572,72.8125
2022-02-05/15:40:34,23.15,995.7,1866.0,59.04572,72.70833
2022-02-05/15:40:35,23.15,995.5999,1865.0,59.02147,73.02083
2022-02-05/15:40:36,23.15,995.5999,1865.0,59.02147,71.97917
2022-02-05/15:40:37,23.15,995.5999,1865.0,59.02147,72.39583
2022-02-05/15:40:38,23.15,995.5999,1865.0,58.58156,72.91667
2022-02-05/15:40:39,23.15,995.5999,1865.0,58.58156,74.0625
2022-02-05/15:40:40,23.15,995.5999,1865.0,58.58156,73.4375
2022-02-05/15:40:41,23.15,995.5999,1865.0,62.10382,73.02083
2022-02-05/15:40:42,23.15,995.5999,1865.0,62.10382,72.8125
2022-02-05/15:40:43,23.15,995.5999,1865.0,62.10382,73.33332
2022-02-05/15:40:45,23.15,995.5999,1865.0,62.38776,73.33332
2022-02-05/15:40:46,23.15,995.5999,1865.0,62.38776,73.33332
2022-02-05/15:40:47,23.15,995.5999,1865.0,62.38776,73.33332
2022-02-05/15:40:48,23.15,995.7,1871.0,51.39177,73.33332
2022-02-05/15:40:49,23.15,995.7,1871.0,51.39177,73.33332
2022-02-05/15:40:50,23.15,995.7,1871.0,51.39177,71.77083
2022-02-05/15:40:51,23.15,995.7,1871.0,61.99536,71.35417
2022-02-05/15:40:52,23.15,995.7,1871.0,61.99536,71.14582
2022-02-05/15:40:53,23.15,995.7,1871.0,61.99536,71.04166
2022-02-05/15:40:54,23.15,995.7,1871.0,63.8063,71.14583
2022-02-05/15:40:55,23.15,995.7,1871.0,63.8063,70.83332
2022-02-05/15:40:57,23.15,995.7,1871.0,63.8063,70.72916
2022-02-05/15:40:58,23.15,995.7,1871.0,63.31146,70.83332
2022-02-05/15:40:59,23.15,995.7,1871.0,63.31146,70.83332
2022-02-05/15:41:00,23.15,995.7,1871.0,63.31146,70.83332
2022-02-05/15:41:01,23.15,995.7,1871.0,63.43599,70.83332
2022-02-05/15:41:02,23.15,995.7,1871.0,63.43599,70.83332
2022-02-05/15:41:03,23.15,995.7,1871.0,63.43599,70.83332
2022-02-05/15:41:04,23.15,995.5999,1876.0,47.93532,70.83332
2022-02-05/15:41:05,23.15,995.5999,1876.0,47.93532,70.83332
2022-02-05/15:41:06,23.15,995.5999,1876.0,47.93532,72.91667
2022-02-05/15:41:07,23.15,995.5999,1876.0,60.14625,72.5
2022-02-05/15:41:09,23.15,995.5999,1876.0,60.14625,72.5
2022-02-05/15:41:10,23.15,995.5999,1876.0,60.14625,72.5
2022-02-05/15:41:11,23.15,995.5999,1876.0,62.87745,72.5
2022-02-05/15:41:12,23.15,995.5999,1876.0,62.87745,72.5
2022-02-05/15:41:13,23.15,995.5999,1876.0,62.87745,72.5
2022-02-05/15:41:14,23.15,995.5999,1876.0,54.10202,73.02083
2022-02-05/15:41:15,23.15,995.5999,1876.0,54.10202,74.27083
2022-02-05/15:41:16,23.15,995.5999,1876.0,54.10202,74.16667
2022-02-05/15:41:17,23.13,995.7,1870.0,53.2298,74.27083
2022-02-05/15:41:18,23.13,995.7,1870.0,53.2298,75.0
2022-02-05/15:41:20,23.13,995.7,1870.0,53.2298,75.0
2022-02-05/15:41:21,23.13,995.7,1870.0,62.99486,74.58333
2022-02-05/15:41:22,23.13,995.7,1870.0,62.99486,73.4375
2022-02-05/15:41:23,23.13,995.7,1870.0,62.99486,74.16667
2022-02-05/15:41:24,23.13,995.7,1870.0,57.81192,73.75
2022-02-05/15:41:25,23.13,995.7,1870.0,57.81192,73.75
2022-02-05/15:41:26,23.13,995.7,1870.0,57.81192,73.33332
2022-02-05/15:41:27,23.13,995.7,1870.0,57.31031,73.75
2022-02-05/15:41:28,23.13,995.7,1870.0,57.31031,73.64583
2022-02-05/15:41:29,23.13,995.7,1870.0,57.31031,73.33332
2022-02-05/15:41:30,23.13,995.7,1870.0,62.83112,73.33332
2022-02-05/15:41:31,23.13,995.7,1870.0,62.83112,72.60417
2022-02-05/15:41:33,23.13,995.7,1870.0,62.83112,72.70833
2022-02-05/15:41:34,23.12,995.5999,1877.0,55.23419,72.8125
2022-02-05/15:41:35,23.12,995.5999,1877.0,55.23419,72.39583
2022-02-05/15:41:36,23.12,995.5999,1877.0,55.23419,72.8125
2022-02-05/15:41:37,23.12,995.5999,1877.0,60.74813,73.33332
2022-02-05/15:41:38,23.12,995.5999,1877.0,60.74813,73.33332
2022-02-05/15:41:39,23.12,995.5999,1877.0,60.74813,74.16667
2022-02-05/15:41:40,23.12,995.5999,1877.0,60.14541,71.66667
2022-02-05/15:41:41,23.12,995.5999,1877.0,60.14541,71.66667
2022-02-05/15:41:42,23.12,995.5999,1877.0,60.14541,71.66667
2022-02-05/15:41:43,23.12,995.5999,1877.0,63.18295,73.02083
2022-02-05/15:41:45,23.12,995.5999,1877.0,63.18295,71.25
2022-02-05/15:41:46,23.12,995.5999,1877.0,63.18295,69.89583
2022-02-05/15:41:47,23.13,995.7999,1880.0,60.29173,70.52082
2022-02-05/15:41:48,23.13,995.7999,1880.0,60.29173,70.83332
2022-02-05/15:41:49,23.13,995.7999,1880.0,60.29173,70.83332
2022-02-05/15:41:50,23.13,995.7999,1880.0,63.39847,70.83332
2022-02-05/15:41:51,23.13,995.7999,1880.0,63.39847,70.52083
2022-02-05/15:41:52,23.13,995.7999,1880.0,63.39847,72.1875
2022-02-05/15:41:53,23.13,995.7999,1880.0,55.32465,71.875
2022-02-05/15:41:54,23.13,995.7999,1880.0,55.32465,72.60417
2022-02-05/15:41:55,23.13,995.7999,1880.0,55.32465,73.85417
2022-02-05/15:41:57,23.13,995.7999,1880.0,62.60093,73.33332
2022-02-05/15:41:58,23.13,995.7999,1880.0,62.60093,67.1875
2022-02-05/15:41:59,23.13,995.7999,1880.0,62.60093,67.1875
2022-02-05/15:42:00,23.13,995.7999,1880.0,61.11104,73.33332
2022-02-05/15:42:01,23.13,995.7999,1880.0,61.11104,73.33332
2022-02-05/15:42:02,23.13,995.7999,1880.0,61.11104,72.91666
2022-02-05/15:42:03,23.13,995.7,1888.0,53.69109,70.0
2022-02-05/15:42:04,23.13,995.7,1888.0,53.69109,69.79167
2022-02-05/15:42:05,23.13,995.7,1888.0,53.69109,69.16667
2022-02-05/15:42:06,23.13,995.7,1888.0,62.89864,70.625
2022-02-05/15:42:07,23.13,995.7,1888.0,62.89864,69.6875
2022-02-05/15:42:09,23.13,995.7,1888.0,62.89864,69.16667
2022-02-05/15:42:10,23.13,995.7,1888.0,62.59462,69.16667
2022-02-05/15:42:11,23.13,995.7,1888.0,62.59462,69.16667
2022-02-05/15:42:12,23.13,995.7,1888.0,62.59462,69.16667
2022-02-05/15:42:13,23.13,995.7,1888.0,58.99714,69.58333
2022-02-05/15:42:14,23.13,995.7,1888.0,58.99714,70.10417
2022-02-05/15:42:15,23.13,995.7,1888.0,58.99714,70.0
2022-02-05/15:42:16,23.13,995.7,1888.0,62.68457,70.3125
2022-02-05/15:42:17,23.13,995.7,1888.0,62.68457,70.625
2022-02-05/15:42:18,23.13,995.7,1888.0,62.68457,70.3125
2022-02-05/15:42:19,23.13,995.7,1883.0,57.46015,70.0
2022-02-05/15:42:21,23.13,995.7,1883.0,57.46015,70.0
2022-02-05/15:42:22,23.13,995.7,1883.0,57.46015,70.0
2022-02-05/15:42:23,23.13,995.7,1883.0,63.4559,70.0
2022-02-05/15:42:24,23.13,995.7,1883.0,63.4559,70.0
2022-02-05/15:42:25,23.13,995.7,1883.0,63.4559,70.0
2022-02-05/15:42:26,23.13,995.7,1883.0,63.8063,69.89583
2022-02-05/15:42:27,23.13,995.7,1883.0,63.8063,70.0
2022-02-05/15:42:28,23.13,995.7,1883.0,63.8063,69.58333
2022-02-05/15:42:29,23.13,995.7,1883.0,62.29482,68.64583
2022-02-05/15:42:30,23.13,995.7,1883.0,62.29482,69.16667
2022-02-05/15:42:31,23.13,995.7,1883.0,62.29482,69.89583
2022-02-05/15:42:33,23.12,995.7999,1883.0,56.35188,69.89583
2022-02-05/15:42:34,23.12,995.7999,1883.0,56.35188,69.27083
2022-02-05/15:42:35,23.12,995.7999,1883.0,56.35188,69.89583
2022-02-05/15:42:36,23.12,995.7999,1883.0,62.43803,70.0
2022-02-05/15:42:37,23.12,995.7999,1883.0,62.43803,69.79167
2022-02-05/15:42:38,23.12,995.7999,1883.0,62.43803,69.16667
2022-02-05/15:42:39,23.12,995.7999,1883.0,60.42419,69.16667
2022-02-05/15:42:40,23.12,995.7999,1883.0,60.42419,69.16667
2022-02-05/15:42:41,23.12,995.7999,1883.0,60.42419,69.16667
2022-02-05/15:42:42,23.12,995.7999,1883.0,63.26965,69.16667
2022-02-05/15:42:44,23.12,995.7999,1883.0,63.26965,69.16667
2022-02-05/15:42:45,23.12,995.7999,1883.0,63.26965,69.16667
2022-02-05/15:42:46,23.12,995.7999,1883.0,55.81166,69.16667
2022-02-05/15:42:47,23.12,995.7999,1883.0,55.81166,69.16667
2022-02-05/15:42:48,23.12,995.7999,1883.0,55.81166,69.16667
2022-02-05/15:42:49,23.13,995.5999,1886.0,53.00452,69.16667
2022-02-05/15:42:50,23.13,995.5999,1886.0,53.00452,69.16667
2022-02-05/15:42:51,23.13,995.5999,1886.0,53.00452,69.16667
2022-02-05/15:42:52,23.13,995.5999,1886.0,62.73151,69.16667
2022-02-05/15:42:53,23.13,995.5999,1886.0,62.73151,69.16667
2022-02-05/15:42:54,23.13,995.5999,1886.0,62.73151,69.27083
2022-02-05/15:42:55,23.13,995.5999,1886.0,63.16466,70.3125
2022-02-05/15:42:57,23.13,995.5999,1886.0,63.16466,70.83332
2022-02-05/15:42:58,23.13,995.5999,1886.0,63.16466,70.3125
2022-02-05/15:42:59,23.13,995.5999,1886.0,60.87133,70.625
2022-02-05/15:43:00,23.13,995.5999,1886.0,60.87133,70.0
2022-02-05/15:43:01,23.13,995.5999,1886.0,60.87133,70.0
2022-02-05/15:43:02,23.13,995.5,1899.0,56.48386,70.0
2022-02-05/15:43:03,23.13,995.5,1899.0,56.48386,70.0
2022-02-05/15:43:04,23.13,995.5,1899.0,56.48386,70.0
2022-02-05/15:43:05,23.13,995.5,1899.0,62.52258,69.58333
2022-02-05/15:43:06,23.13,995.5,1899.0,62.52258,69.47917
2022-02-05/15:43:07,23.13,995.5,1899.0,62.52258,70.0
2022-02-05/15:43:09,23.13,995.5,1899.0,62.911,69.6875
2022-02-05/15:43:10,23.13,995.5,1899.0,62.911,69.16667
2022-02-05/15:43:11,23.13,995.5,1899.0,62.911,69.58333
2022-02-05/15:43:12,23.13,995.5,1899.0,62.32941,69.16667
2022-02-05/15:43:13,23.13,995.5,1899.0,62.32941,69.16667
2022-02-05/15:43:14,23.13,995.5,1899.0,62.32941,69.16667
2022-02-05/15:43:15,23.13,995.5,1899.0,60.01347,69.79167
2022-02-05/15:43:16,23.13,995.5,1899.0,60.01347,69.58333
2022-02-05/15:43:17,23.13,995.5,1899.0,60.01347,70.0
2022-02-05/15:43:18,23.15,995.4,1913.0,49.3928,69.16667
2022-02-05/15:43:19,23.15,995.4,1913.0,49.3928,69.16667
2022-02-05/15:43:20,23.15,995.4,1913.0,49.3928,69.79167
2022-02-05/15:43:22,23.15,995.4,1913.0,61.92882,70.0
2022-02-05/15:43:23,23.15,995.4,1913.0,61.92882,70.0
2022-02-05/15:43:24,23.15,995.4,1913.0,61.92882,70.0
2022-02-05/15:43:25,23.15,995.4,1913.0,60.33365,70.0
2022-02-05/15:43:26,23.15,995.4,1913.0,60.33365,70.0
2022-02-05/15:43:27,23.15,995.4,1913.0,60.33365,69.6875
2022-02-05/15:43:28,23.15,995.4,1913.0,59.18068,69.16667
2022-02-05/15:43:29,23.15,995.4,1913.0,59.18068,69.16667
2022-02-05/15:43:30,23.15,995.4,1913.0,59.18068,69.27083
2022-02-05/15:43:31,23.15,995.4,1913.0,58.28441,69.27083
2022-02-05/15:43:32,23.15,995.4,1913.0,58.28441,69.16667
2022-02-05/15:43:34,23.15,995.4,1913.0,58.28441,69.16667
2022-02-05/15:43:35,23.17,995.7,1920.0,58.57423,69.27083
2022-02-05/15:43:36,23.17,995.7,1920.0,58.57423,69.16667
2022-02-05/15:43:37,23.17,995.7,1920.0,58.57423,69.16667
2022-02-05/15:43:38,23.17,995.7,1920.0,62.91179,69.16667
2022-02-05/15:43:39,23.17,995.7,1920.0,62.91179,69.16667
2022-02-05/15:43:40,23.17,995.7,1920.0,62.91179,69.27083
2022-02-05/15:43:41,23.17,995.7,1920.0,63.28655,70.0
2022-02-05/15:43:42,23.17,995.7,1920.0,63.28655,70.0
2022-02-05/15:43:43,23.17,995.7,1920.0,63.28655,70.3125
2022-02-05/15:43:44,23.17,995.7,1920.0,63.54665,70.52083
2022-02-05/15:43:46,23.17,995.7,1920.0,63.54665,70.20833
2022-02-05/15:43:47,23.17,995.7,1920.0,63.54665,69.79167
2022-02-05/15:43:48,23.15,995.5999,1925.0,54.97014,67.60417
2022-02-05/15:43:49,23.15,995.5999,1925.0,54.97014,63.54167
2022-02-05/15:43:50,23.15,995.5999,1925.0,54.97014,70.0
2022-02-05/15:43:51,23.15,995.5999,1925.0,62.83143,60.9375
2022-02-05/15:43:52,23.15,995.5999,1925.0,62.83143,52.29166
2022-02-05/15:43:53,23.15,995.5999,1925.0,62.83143,54.47917
2022-02-05/15:43:54,23.15,995.5999,1925.0,60.04666,55.20833
2022-02-05/15:43:55,23.15,995.5999,1925.0,60.04666,33.22917
2022-02-05/15:43:56,23.15,995.5999,1925.0,60.04666,60.3125
2022-02-05/15:43:58,23.15,995.5999,1925.0,59.07489,63.64583
2022-02-05/15:43:59,23.15,995.5999,1925.0,59.07489,62.70833
2022-02-05/15:44:00,23.15,995.5999,1925.0,59.07489,56.77083
2022-02-05/15:44:01,23.15,995.5999,1925.0,61.53812,60.52083
2022-02-05/15:44:02,23.15,995.5999,1925.0,61.53812,65.9375
2022-02-05/15:44:03,23.15,995.5999,1925.0,61.53812,66.66667
2022-02-05/15:44:04,23.17,995.7,1932.0,58.24716,66.04166
2022-02-05/15:44:05,23.17,995.7,1932.0,58.24716,66.45833
2022-02-05/15:44:06,23.17,995.7,1932.0,58.24716,66.14583
2022-02-05/15:44:07,23.17,995.7,1932.0,58.43617,64.89583
2022-02-05/15:44:08,23.17,995.7,1932.0,58.43617,65.0
2022-02-05/15:44:10,23.17,995.7,1932.0,58.43617,65.0
2022-02-05/15:44:11,23.17,995.7,1932.0,63.63418,65.0
2022-02-05/15:44:12,23.17,995.7,1932.0,63.63418,65.0
2022-02-05/15:44:13,23.17,995.7,1932.0,63.63418,65.0
2022-02-05/15:44:14,23.17,995.7,1932.0,57.17721,65.0
2022-02-05/15:44:15,23.17,995.7,1932.0,57.17721,65.0
2022-02-05/15:44:16,23.17,995.7,1932.0,57.17721,65.0
2022-02-05/15:44:17,23.16,995.7,1926.0,55.99115,65.0
2022-02-05/15:44:18,23.16,995.7,1926.0,55.99115,65.0
2022-02-05/15:44:19,23.16,995.7,1926.0,55.99115,65.0
2022-02-05/15:44:20,23.16,995.7,1926.0,57.44769,65.0
2022-02-05/15:44:22,23.16,995.7,1926.0,57.44769,64.89583
2022-02-05/15:44:23,23.16,995.7,1926.0,57.44769,65.0
2022-02-05/15:44:24,23.16,995.7,1926.0,63.05746,65.0
2022-02-05/15:44:25,23.16,995.7,1926.0,63.05746,65.0
2022-02-05/15:44:26,23.16,995.7,1926.0,63.05746,64.79167
2022-02-05/15:44:27,23.16,995.7,1926.0,63.64233,64.27083
2022-02-05/15:44:28,23.16,995.7,1926.0,63.64233,65.0
2022-02-05/15:44:29,23.16,995.7,1926.0,63.64233,65.0
2022-02-05/15:44:30,23.16,995.7,1926.0,61.45235,64.6875
2022-02-05/15:44:31,23.16,995.7,1926.0,61.45235,64.47917
2022-02-05/15:44:32,23.16,995.7,1926.0,61.45235,64.89583
2022-02-05/15:44:34,23.1,995.7,1906.0,59.13175,65.0
2022-02-05/15:44:35,23.1,995.7,1906.0,59.13175,65.0
2022-02-05/15:44:36,23.1,995.7,1906.0,59.13175,64.58333
2022-02-05/15:44:37,23.1,995.7,1906.0,56.44062,64.375
2022-02-05/15:44:38,23.1,995.7,1906.0,56.44062,64.27083
2022-02-05/15:44:39,23.1,995.7,1906.0,56.44062,64.16667
2022-02-05/15:44:40,23.1,995.7,1906.0,66.20942,65.10417
2022-02-05/15:44:41,23.1,995.7,1906.0,66.20942,65.0
2022-02-05/15:44:42,23.1,995.7,1906.0,66.20942,64.89583
2022-02-05/15:44:43,23.1,995.7,1906.0,63.28392,65.0
2022-02-05/15:44:44,23.1,995.7,1906.0,63.28392,65.0
2022-02-05/15:44:46,23.1,995.7,1906.0,63.28392,65.0
2022-02-05/15:44:47,22.97,995.7,1832.0,63.31602,65.0
2022-02-05/15:44:48,22.97,995.7,1832.0,63.31602,65.0
2022-02-05/15:44:49,22.97,995.7,1832.0,63.31602,65.0
2022-02-05/15:44:50,22.97,995.7,1832.0,65.93082,65.0
2022-02-05/15:44:51,22.97,995.7,1832.0,65.93082,65.0
2022-02-05/15:44:52,22.97,995.7,1832.0,65.93082,65.0
2022-02-05/15:44:53,22.97,995.7,1832.0,66.12559,65.0
2022-02-05/15:44:54,22.97,995.7,1832.0,66.12559,65.0
2022-02-05/15:44:55,22.97,995.7,1832.0,66.12559,65.0
2022-02-05/15:44:56,22.97,995.7,1832.0,65.79777,64.58333
2022-02-05/15:44:58,22.97,995.7,1832.0,65.79777,65.0
2022-02-05/15:44:59,22.97,995.7,1832.0,65.79777,64.16667
2022-02-05/15:45:00,22.97,995.7,1832.0,62.07222,64.58333
2022-02-05/15:45:01,22.97,995.7,1832.0,62.07222,64.89583
2022-02-05/15:45:02,22.97,995.7,1832.0,62.07222,64.16667
2022-02-05/15:45:03,22.83,995.7,1731.0,54.21616,64.16667
2022-02-05/15:45:04,22.83,995.7,1731.0,54.21616,64.16667
2022-02-05/15:45:05,22.83,995.7,1731.0,54.21616,64.16667
2022-02-05/15:45:06,22.83,995.7,1731.0,60.87532,64.375
2022-02-05/15:45:07,22.83,995.7,1731.0,60.87532,64.89583
2022-02-05/15:45:08,22.83,995.7,1731.0,60.87532,65.0
2022-02-05/15:45:10,22.83,995.7,1731.0,65.08927,65.0
2022-02-05/15:45:11,22.83,995.7,1731.0,65.08927,64.58333
2022-02-05/15:45:12,22.83,995.7,1731.0,65.08927,64.16667
2022-02-05/15:45:13,22.83,995.7,1731.0,60.50904,64.47917
2022-02-05/15:45:14,22.83,995.7,1731.0,60.50904,64.58333
2022-02-05/15:45:15,22.83,995.7,1731.0,60.50904,64.16667
2022-02-05/15:45:16,22.83,995.7,1731.0,60.4836,64.27083
2022-02-05/15:45:17,22.83,995.7,1731.0,60.4836,63.95833
2022-02-05/15:45:18,22.83,995.7,1731.0,60.4836,64.16667
2022-02-05/15:45:19,22.68,995.5999,1608.0,56.83498,64.16667
2022-02-05/15:45:20,22.68,995.5999,1608.0,56.83498,64.16667
2022-02-05/15:45:22,22.68,995.5999,1608.0,56.83498,64.16667
2022-02-05/15:45:23,22.68,995.5999,1608.0,58.50829,64.16667
2022-02-05/15:45:24,22.68,995.5999,1608.0,58.50829,64.16667
2022-02-05/15:45:25,22.68,995.5999,1608.0,58.50829,64.16667
2022-02-05/15:45:26,22.68,995.5999,1608.0,64.18629,64.375
2022-02-05/15:45:27,22.68,995.5999,1608.0,64.18629,65.10417
2022-02-05/15:45:28,22.68,995.5999,1608.0,64.18629,65.0
2022-02-05/15:45:29,22.68,995.5999,1608.0,63.91496,65.0
2022-02-05/15:45:30,22.68,995.5999,1608.0,63.91496,65.0
2022-02-05/15:45:31,22.68,995.5999,1608.0,63.91496,65.0
2022-02-05/15:45:32,22.56,995.5999,1473.0,53.99293,64.58333
2022-02-05/15:45:34,22.56,995.5999,1473.0,53.99293,64.16667
2022-02-05/15:45:35,22.56,995.5999,1473.0,53.99293,64.27083
2022-02-05/15:45:36,22.56,995.5999,1473.0,63.45275,64.16667
2022-02-05/15:45:37,22.56,995.5999,1473.0,63.45275,64.47917
2022-02-05/15:45:38,22.56,995.5999,1473.0,63.45275,64.16667
2022-02-05/15:45:39,22.56,995.5999,1473.0,61.80011,64.27083
2022-02-05/15:45:40,22.56,995.5999,1473.0,61.80011,64.16667
2022-02-05/15:45:41,22.56,995.5999,1473.0,61.80011,64.16667
2022-02-05/15:45:42,22.56,995.5999,1473.0,63.11648,64.89583
2022-02-05/15:45:43,22.56,995.5999,1473.0,63.11648,65.0
2022-02-05/15:45:44,22.56,995.5999,1473.0,63.11648,65.0
2022-02-05/15:45:46,22.56,995.5999,1473.0,60.38626,63.4375
2022-02-05/15:45:47,22.56,995.5999,1473.0,60.38626,63.33333
2022-02-05/15:45:48,22.56,995.5999,1473.0,60.38626,63.33333
2022-02-05/15:45:49,22.49,995.5999,1335.0,54.59991,63.33333
2022-02-05/15:45:50,22.49,995.5999,1335.0,54.59991,63.33333
2022-02-05/15:45:51,22.49,995.5999,1335.0,54.59991,63.33333
2022-02-05/15:45:52,22.49,995.5999,1335.0,62.8604,63.33333
2022-02-05/15:45:53,22.49,995.5999,1335.0,62.8604,62.60417
2022-02-05/15:45:54,22.49,995.5999,1335.0,62.8604,62.5
2022-02-05/15:45:55,22.49,995.5999,1335.0,62.25591,62.5
2022-02-05/15:45:56,22.49,995.5999,1335.0,62.25591,62.60417
2022-02-05/15:45:58,22.49,995.5999,1335.0,62.25591,62.5
2022-02-05/15:45:59,22.49,995.5999,1335.0,63.33169,62.60417
2022-02-05/15:46:00,22.49,995.5999,1335.0,63.33169,62.5
2022-02-05/15:46:01,22.49,995.5999,1335.0,63.33169,62.5
2022-02-05/15:46:02,22.42,995.7,1220.0,56.65831,62.70833
2022-02-05/15:46:03,22.42,995.7,1220.0,56.65831,62.5
2022-02-05/15:46:04,22.42,995.7,1220.0,56.65831,62.5
2022-02-05/15:46:05,22.42,995.7,1220.0,60.77173,62.5
2022-02-05/15:46:06,22.42,995.7,1220.0,60.77173,62.5
2022-02-05/15:46:07,22.42,995.7,1220.0,60.77173,62.5
2022-02-05/15:46:08,22.42,995.7,1220.0,63.84363,62.5
2022-02-05/15:46:10,22.42,995.7,1220.0,63.84363,62.5
2022-02-05/15:46:11,22.42,995.7,1220.0,63.84363,62.5
2022-02-05/15:46:12,22.42,995.7,1220.0,60.80693,62.5
2022-02-05/15:46:13,22.42,995.7,1220.0,60.80693,62.39583
2022-02-05/15:46:14,22.42,995.7,1220.0,60.80693,62.5
2022-02-05/15:46:15,22.42,995.7,1220.0,62.45477,61.97916
2022-02-05/15:46:16,22.42,995.7,1220.0,62.45477,61.66666
2022-02-05/15:46:17,22.42,995.7,1220.0,62.45477,61.66666
2022-02-05/15:46:18,22.37,995.7,1120.0,55.76869,61.875
2022-02-05/15:46:19,22.37,995.7,1120.0,55.76869,62.70833
2022-02-05/15:46:20,22.37,995.7,1120.0,55.76869,62.5
2022-02-05/15:46:22,22.37,995.7,1120.0,61.95572,61.97916
2022-02-05/15:46:23,22.37,995.7,1120.0,61.95572,61.66666
2022-02-05/15:46:24,22.37,995.7,1120.0,61.95572,61.66666
2022-02-05/15:46:25,22.37,995.7,1120.0,62.04578,61.66666
2022-02-05/15:46:26,22.37,995.7,1120.0,62.04578,61.66666
2022-02-05/15:46:27,22.37,995.7,1120.0,62.04578,61.66666
2022-02-05/15:46:28,22.37,995.7,1120.0,61.19185,61.66666
2022-02-05/15:46:29,22.37,995.7,1120.0,61.19185,61.66666
2022-02-05/15:46:30,22.37,995.7,1120.0,61.19185,61.66666
2022-02-05/15:46:31,22.37,995.7,1120.0,57.49343,61.66666
2022-02-05/15:46:32,22.37,995.7,1120.0,57.49343,60.83333
2022-02-05/15:46:33,22.37,995.7,1120.0,57.49343,60.83333
2022-02-05/15:46:35,22.35,995.5999,1029.0,55.30884,60.83333
2022-02-05/15:46:36,22.35,995.5999,1029.0,55.30884,60.83333
2022-02-05/15:46:37,22.35,995.5999,1029.0,55.30884,60.83333
2022-02-05/15:46:38,22.35,995.5999,1029.0,64.86192,60.9375
2022-02-05/15:46:39,22.35,995.5999,1029.0,64.86192,60.83333
2022-02-05/15:46:40,22.35,995.5999,1029.0,64.86192,60.83333
2022-02-05/15:46:41,22.35,995.5999,1029.0,62.94658,60.83333
2022-02-05/15:46:42,22.35,995.5999,1029.0,62.94658,60.83333
2022-02-05/15:46:43,22.35,995.5999,1029.0,62.94658,60.83333
2022-02-05/15:46:44,22.35,995.5999,1029.0,62.12402,60.83333
2022-02-05/15:46:45,22.35,995.5999,1029.0,62.12402,60.83333
2022-02-05/15:46:47,22.35,995.5999,1029.0,62.12402,60.83333
2022-02-05/15:46:48,22.34,995.5999,961.0,54.48775,60.52083
2022-02-05/15:46:49,22.34,995.5999,961.0,54.48775,60.72917
2022-02-05/15:46:50,22.34,995.5999,961.0,54.48775,60.10417
2022-02-05/15:46:51,22.34,995.5999,961.0,65.56761,60.0
2022-02-05/15:46:52,22.34,995.5999,961.0,65.56761,60.0
2022-02-05/15:46:53,22.34,995.5999,961.0,65.56761,60.10417
2022-02-05/15:46:54,22.34,995.5999,961.0,64.15369,60.83333
2022-02-05/15:46:55,22.34,995.5999,961.0,64.15369,60.83333
2022-02-05/15:46:56,22.34,995.5999,961.0,64.15369,60.9375
2022-02-05/15:46:57,22.34,995.5999,961.0,63.04457,61.66666
2022-02-05/15:46:59,22.34,995.5999,961.0,63.04457,61.66666
2022-02-05/15:47:00,22.34,995.5999,961.0,63.04457,60.9375
2022-02-05/15:47:01,22.34,995.5999,961.0,58.72568,60.83333
2022-02-05/15:47:02,22.34,995.5999,961.0,58.72568,60.83333
2022-02-05/15:47:03,22.34,995.5999,961.0,58.72568,60.83333
2022-02-05/15:47:04,22.33,995.5999,909.0,56.86164,61.5625
2022-02-05/15:47:05,22.33,995.5999,909.0,56.86164,61.66666
2022-02-05/15:47:06,22.33,995.5999,909.0,56.86164,61.66666
2022-02-05/15:47:07,22.33,995.5999,909.0,62.93143,60.9375
2022-02-05/15:47:08,22.33,995.5999,909.0,62.93143,60.83333
2022-02-05/15:47:09,22.33,995.5999,909.0,62.93143,60.83333
2022-02-05/15:47:11,22.33,995.5999,909.0,64.03658,60.83333
2022-02-05/15:47:12,22.33,995.5999,909.0,64.03658,60.83333
2022-02-05/15:47:13,22.33,995.5999,909.0,64.03658,61.5625
2022-02-05/15:47:14,22.33,995.5999,909.0,62.9124,61.66666
2022-02-05/15:47:15,22.33,995.5999,909.0,62.9124,60.41667
2022-02-05/15:47:16,22.33,995.5999,909.0,62.9124,60.0
2022-02-05/15:47:17,22.28,995.7,869.0,58.33055,60.10417
2022-02-05/15:47:18,22.28,995.7,869.0,58.33055,60.0
2022-02-05/15:47:19,22.28,995.7,869.0,58.33055,59.89583
2022-02-05/15:47:20,22.28,995.7,869.0,62.69091,59.16666
2022-02-05/15:47:21,22.28,995.7,869.0,62.69091,59.16666
2022-02-05/15:47:23,22.28,995.7,869.0,62.69091,59.16666
2022-02-05/15:47:24,22.28,995.7,869.0,63.78265,59.16666
2022-02-05/15:47:25,22.28,995.7,869.0,63.78265,59.16666
2022-02-05/15:47:26,22.28,995.7,869.0,63.78265,59.16666
2022-02-05/15:47:27,22.28,995.7,869.0,63.95148,59.16666
2022-02-05/15:47:28,22.28,995.7,869.0,63.95148,59.16666
2022-02-05/15:47:29,22.28,995.7,869.0,63.95148,58.95833
2022-02-05/15:47:30,22.28,995.7,869.0,64.55526,58.54167
2022-02-05/15:47:31,22.28,995.7,869.0,64.55526,59.16667
2022-02-05/15:47:32,22.28,995.7,869.0,64.55526,58.54167
2022-02-05/15:47:33,22.24,995.7999,837.0,53.29735,59.0625
2022-02-05/15:47:35,22.24,995.7999,837.0,53.29735,59.16666
2022-02-05/15:47:36,22.24,995.7999,837.0,53.29735,58.95833
2022-02-05/15:47:37,22.24,995.7999,837.0,63.73818,58.75
2022-02-05/15:47:38,22.24,995.7999,837.0,63.73818,58.64583
2022-02-05/15:47:39,22.24,995.7999,837.0,63.73818,58.33333
2022-02-05/15:47:40,22.24,995.7999,837.0,64.49647,58.33333
2022-02-05/15:47:41,22.24,995.7999,837.0,64.49647,58.33333
2022-02-05/15:47:42,22.24,995.7999,837.0,64.49647,58.33333
2022-02-05/15:47:43,22.24,995.7999,837.0,64.72417,58.33333
2022-02-05/15:47:44,22.24,995.7999,837.0,64.72417,58.33333
2022-02-05/15:47:45,22.24,995.7999,837.0,64.72417,58.33333
2022-02-05/15:47:47,22.24,995.7999,837.0,56.83298,58.75
2022-02-05/15:47:48,22.24,995.7999,837.0,56.83298,58.4375
2022-02-05/15:47:49,22.24,995.7999,837.0,56.83298,58.33333
2022-02-05/15:47:50,22.2,995.7,811.0,58.27205,58.22917
2022-02-05/15:47:51,22.2,995.7,811.0,58.27205,57.8125
2022-02-05/15:47:52,22.2,995.7,811.0,58.27205,58.33333
2022-02-05/15:47:53,22.2,995.7,811.0,62.67913,58.22917
2022-02-05/15:47:54,22.2,995.7,811.0,62.67913,58.33333
2022-02-05/15:47:55,22.2,995.7,811.0,62.67913,57.8125
2022-02-05/15:47:56,22.2,995.7,811.0,60.53762,57.5
2022-02-05/15:47:57,22.2,995.7,811.0,60.53762,57.5
2022-02-05/15:47:59,22.2,995.7,811.0,60.53762,57.5
2022-02-05/15:48:00,22.2,995.7,811.0,62.03183,57.5
2022-02-05/15:48:01,22.2,995.7,811.0,62.03183,57.5
2022-02-05/15:48:02,22.2,995.7,811.0,62.03183,57.5
2022-02-05/15:48:03,22.14,995.7,787.0,54.30083,57.29167
2022-02-05/15:48:04,22.14,995.7,787.0,54.30083,58.125
2022-02-05/15:48:05,22.14,995.7,787.0,54.30083,58.33333
2022-02-05/15:48:06,22.14,995.7,787.0,63.68367,58.33333
2022-02-05/15:48:07,22.14,995.7,787.0,63.68367,58.125
2022-02-05/15:48:08,22.14,995.7,787.0,63.68367,57.39583
2022-02-05/15:48:09,22.14,995.7,787.0,61.31423,58.54167
2022-02-05/15:48:11,22.14,995.7,787.0,61.31423,57.70833
2022-02-05/15:48:12,22.14,995.7,787.0,61.31423,57.5
2022-02-05/15:48:13,22.14,995.7,787.0,63.19731,57.5
2022-02-05/15:48:14,22.14,995.7,787.0,63.19731,57.5
2022-02-05/15:48:15,22.14,995.7,787.0,63.19731,57.5
2022-02-05/15:48:16,22.14,995.7,787.0,62.83556,56.66666
2022-02-05/15:48:17,22.14,995.7,787.0,62.83556,56.66666
2022-02-05/15:48:18,22.14,995.7,787.0,62.83556,56.66666
2022-02-05/15:48:19,22.1,995.7,770.0,55.96949,57.39583
2022-02-05/15:48:20,22.1,995.7,770.0,55.96949,57.29167
2022-02-05/15:48:21,22.1,995.7,770.0,55.96949,57.1875
2022-02-05/15:48:22,22.1,995.7,770.0,63.97052,56.66666
2022-02-05/15:48:24,22.1,995.7,770.0,63.97052,56.66666
2022-02-05/15:48:25,22.1,995.7,770.0,63.97052,56.97917
2022-02-05/15:48:26,22.1,995.7,770.0,63.88946,56.97916
2022-02-05/15:48:27,22.1,995.7,770.0,63.88946,56.97916
2022-02-05/15:48:28,22.1,995.7,770.0,63.88946,56.97916
2022-02-05/15:48:29,22.1,995.7,770.0,60.69678,57.29167
2022-02-05/15:48:30,22.1,995.7,770.0,60.69678,57.5
2022-02-05/15:48:31,22.1,995.7,770.0,60.69678,57.5
2022-02-05/15:48:32,22.05,995.7,755.0,56.09452,56.77083
2022-02-05/15:48:33,22.05,995.7,755.0,56.09452,56.66666
2022-02-05/15:48:34,22.05,995.7,755.0,56.09452,56.25
2022-02-05/15:48:36,22.05,995.7,755.0,64.99923,56.77083
2022-02-05/15:48:37,22.05,995.7,755.0,64.99923,57.8125
2022-02-05/15:48:38,22.05,995.7,755.0,64.99923,57.5
2022-02-05/15:48:39,22.05,995.7,755.0,60.61654,57.60417
2022-02-05/15:48:40,22.05,995.7,755.0,60.61654,56.35417
2022-02-05/15:48:41,22.05,995.7,755.0,60.61654,56.66666
2022-02-05/15:48:42,22.05,995.7,755.0,57.85964,56.66666
2022-02-05/15:48:43,22.05,995.7,755.0,57.85964,56.66666
2022-02-05/15:48:44,22.05,995.7,755.0,57.85964,56.14583
2022-02-05/15:48:45,22.05,995.7,755.0,63.3021,55.83333
2022-02-05/15:48:46,22.05,995.7,755.0,63.3021,56.35416
2022-02-05/15:48:48,22.05,995.7,755.0,63.3021,56.04167
2022-02-05/15:48:49,22.01,995.7,745.0,57.51702,55.9375
2022-02-05/15:48:50,22.01,995.7,745.0,57.51702,56.66666
2022-02-05/15:48:51,22.01,995.7,745.0,57.51702,56.25
2022-02-05/15:48:52,22.01,995.7,745.0,61.96471,56.25
2022-02-05/15:48:53,22.01,995.7,745.0,61.96471,55.625
2022-02-05/15:48:54,22.01,995.7,745.0,61.96471,55.83333
2022-02-05/15:48:55,22.01,995.7,745.0,61.06024,55.10417
2022-02-05/15:48:56,22.01,995.7,745.0,61.06024,55.0
2022-02-05/15:48:57,22.01,995.7,745.0,61.06024,55.10417
2022-02-05/15:48:58,22.01,995.7,745.0,63.95369,55.0
2022-02-05/15:49:00,22.01,995.7,745.0,63.95369,55.0
2022-02-05/15:49:01,22.01,995.7,745.0,63.95369,55.0
2022-02-05/15:49:02,21.96,995.7,741.0,62.89564,55.0
2022-02-05/15:49:03,21.96,995.7,741.0,62.89564,55.0
2022-02-05/15:49:04,21.96,995.7,741.0,62.89564,55.10417
2022-02-05/15:49:05,21.96,995.7,741.0,56.92041,55.10417
2022-02-05/15:49:06,21.96,995.7,741.0,56.92041,55.10417
2022-02-05/15:49:07,21.96,995.7,741.0,56.92041,55.0
2022-02-05/15:49:08,21.96,995.7,741.0,64.20333,55.0
2022-02-05/15:49:09,21.96,995.7,741.0,64.20333,55.0
2022-02-05/15:49:10,21.96,995.7,741.0,64.20333,55.0
2022-02-05/15:49:12,21.96,995.7,741.0,60.93439,55.0
2022-02-05/15:49:13,21.96,995.7,741.0,60.93439,55.0
2022-02-05/15:49:14,21.96,995.7,741.0,60.93439,55.0
2022-02-05/15:49:15,21.96,995.7,741.0,62.72159,54.6875
2022-02-05/15:49:16,21.96,995.7,741.0,62.72159,54.16666
2022-02-05/15:49:17,21.96,995.7,741.0,62.72159,54.16666
2022-02-05/15:49:18,21.93,995.5999,736.0,57.14299,54.16666
2022-02-05/15:49:19,21.93,995.5999,736.0,57.14299,54.16666
2022-02-05/15:49:20,21.93,995.5999,736.0,57.14299,54.16666
2022-02-05/15:49:21,21.93,995.5999,736.0,62.53458,54.16666
2022-02-05/15:49:22,21.93,995.5999,736.0,62.53458,54.16666
2022-02-05/15:49:24,21.93,995.5999,736.0,62.53458,54.16666
2022-02-05/15:49:25,21.93,995.5999,736.0,56.46873,54.16666
2022-02-05/15:49:26,21.93,995.5999,736.0,56.46873,54.16666
2022-02-05/15:49:27,21.93,995.5999,736.0,56.46873,54.16666
2022-02-05/15:49:28,21.93,995.5999,736.0,62.4409,54.16666
2022-02-05/15:49:29,21.93,995.5999,736.0,62.4409,54.16666
2022-02-05/15:49:30,21.93,995.5999,736.0,62.4409,54.16666
2022-02-05/15:49:31,21.93,995.5999,736.0,58.24353,54.27083
2022-02-05/15:49:32,21.93,995.5999,736.0,58.24353,54.16666
2022-02-05/15:49:33,21.93,995.5999,736.0,58.24353,54.16666
2022-02-05/15:49:34,21.93,995.5999,735.0,55.95106,54.16666
2022-02-05/15:49:36,21.93,995.5999,735.0,55.95106,54.16666
2022-02-05/15:49:37,21.93,995.5999,735.0,55.95106,53.54167
2022-02-05/15:49:38,21.93,995.5999,735.0,63.75668,53.33333
2022-02-05/15:49:39,21.93,995.5999,735.0,63.75668,54.16666
2022-02-05/15:49:40,21.93,995.5999,735.0,63.75668,54.375
2022-02-05/15:49:41,21.93,995.5999,735.0,58.09093,55.20833
2022-02-05/15:49:42,21.93,995.5999,735.0,58.09093,54.6875
2022-02-05/15:49:43,21.93,995.5999,735.0,58.09093,54.16666
2022-02-05/15:49:44,21.93,995.5999,735.0,61.92967,54.16666
2022-02-05/15:49:45,21.93,995.5999,735.0,61.92967,54.16666
2022-02-05/15:49:46,21.93,995.5999,735.0,61.92967,54.0625
2022-02-05/15:49:48,21.9,995.7,735.0,52.90167,54.16666
2022-02-05/15:49:49,21.9,995.7,735.0,52.90167,54.16666
2022-02-05/15:49:50,21.9,995.7,735.0,52.90167,54.16666
2022-02-05/15:49:51,21.9,995.7,735.0,63.27262,53.22917
2022-02-05/15:49:52,21.9,995.7,735.0,63.27262,55.0
2022-02-05/15:49:53,21.9,995.7,735.0,63.27262,54.0625
2022-02-05/15:49:54,21.9,995.7,735.0,64.46508,53.33333
2022-02-05/15:49:55,21.9,995.7,735.0,64.46508,53.22917
2022-02-05/15:49:56,21.9,995.7,735.0,64.46508,53.33333
2022-02-05/15:49:57,21.9,995.7,735.0,64.47681,53.33333
2022-02-05/15:49:58,21.9,995.7,735.0,64.47681,53.33333
2022-02-05/15:49:59,21.9,995.7,735.0,64.47681,52.8125
2022-02-05/15:50:01,21.9,995.7,735.0,63.07435,52.5
2022-02-05/15:50:02,21.9,995.7,735.0,63.07435,52.5
2022-02-05/15:50:03,21.9,995.7,735.0,63.07435,52.5
2022-02-05/15:50:04,21.89,995.5999,744.0,55.54552,52.5
2022-02-05/15:50:05,21.89,995.5999,744.0,55.54552,52.39583
2022-02-05/15:50:06,21.89,995.5999,744.0,55.54552,52.5
2022-02-05/15:50:07,21.89,995.5999,744.0,63.71988,52.08333
2022-02-05/15:50:08,21.89,995.5999,744.0,63.71988,51.875
2022-02-05/15:50:09,21.89,995.5999,744.0,63.71988,51.66666
2022-02-05/15:50:10,21.89,995.5999,744.0,61.28922,51.66666
2022-02-05/15:50:12,21.89,995.5999,744.0,61.28922,51.66666
2022-02-05/15:50:13,21.89,995.5999,744.0,61.28922,51.66666
2022-02-05/15:50:14,21.89,995.5999,744.0,64.73798,52.08333
2022-02-05/15:50:15,21.89,995.5999,744.0,64.73798,51.66666
2022-02-05/15:50:16,21.89,995.5999,744.0,64.73798,51.66666
2022-02-05/15:50:17,21.85,995.5999,749.0,57.00665,51.66666
2022-02-05/15:50:18,21.85,995.5999,749.0,57.00665,51.66666
2022-02-05/15:50:19,21.85,995.5999,749.0,57.00665,51.66666
2022-02-05/15:50:20,21.85,995.5999,749.0,58.29874,51.77083
2022-02-05/15:50:21,21.85,995.5999,749.0,58.29874,51.66666
2022-02-05/15:50:22,21.85,995.5999,749.0,58.29874,51.66666
2022-02-05/15:50:24,21.85,995.5999,749.0,63.19587,51.66666
2022-02-05/15:50:25,21.85,995.5999,749.0,63.19587,51.66666
2022-02-05/15:50:26,21.85,995.5999,749.0,63.19587,51.66666
2022-02-05/15:50:27,21.85,995.5999,749.0,63.61327,51.66666
2022-02-05/15:50:28,21.85,995.5999,749.0,63.61327,51.04167
2022-02-05/15:50:29,21.85,995.5999,749.0,63.61327,51.5625
2022-02-05/15:50:30,21.85,995.5999,749.0,64.13172,50.83333
2022-02-05/15:50:31,21.85,995.5999,749.0,64.13172,50.83333
2022-02-05/15:50:32,21.85,995.5999,749.0,64.13172,50.83333
2022-02-05/15:50:33,21.84,995.7,756.0,57.92052,51.875
2022-02-05/15:50:35,21.84,995.7,756.0,57.92052,50.83333
2022-02-05/15:50:36,21.84,995.7,756.0,57.92052,50.83333
2022-02-05/15:50:37,21.84,995.7,756.0,63.3148,50.9375
2022-02-05/15:50:38,21.84,995.7,756.0,63.3148,51.14583
2022-02-05/15:50:39,21.84,995.7,756.0,63.3148,51.66666
2022-02-05/15:50:40,21.84,995.7,756.0,65.12974,51.5625
2022-02-05/15:50:41,21.84,995.7,756.0,65.12974,51.66666
2022-02-05/15:50:42,21.84,995.7,756.0,65.12974,51.66666
2022-02-05/15:50:43,21.84,995.7,756.0,63.52858,51.25
2022-02-05/15:50:44,21.84,995.7,756.0,63.52858,50.83333
2022-02-05/15:50:45,21.84,995.7,756.0,63.52858,51.66666
2022-02-05/15:50:47,21.84,995.7,756.0,56.32982,51.5625
2022-02-05/15:50:48,21.84,995.7,756.0,56.32982,50.0
2022-02-05/15:50:49,21.84,995.7,756.0,56.32982,50.83333
2022-02-05/15:50:50,21.82,995.7,768.0,59.15968,51.14583
2022-02-05/15:50:51,21.82,995.7,768.0,59.15968,51.66666
2022-02-05/15:50:52,21.82,995.7,768.0,59.15968,51.66666
2022-02-05/15:50:53,21.82,995.7,768.0,62.56906,50.83333
2022-02-05/15:50:54,21.82,995.7,768.0,62.56906,50.20833
2022-02-05/15:50:55,21.82,995.7,768.0,62.56906,50.20833
2022-02-05/15:50:56,21.82,995.7,768.0,62.88086,50.10417
2022-02-05/15:50:57,21.82,995.7,768.0,62.88086,50.0
2022-02-05/15:50:59,21.82,995.7,768.0,62.88086,50.83333
2022-02-05/15:51:00,21.82,995.7,768.0,64.32138,50.83333
2022-02-05/15:51:01,21.82,995.7,768.0,64.32138,50.83333
2022-02-05/15:51:02,21.82,995.7,768.0,64.32138,50.83333
2022-02-05/15:51:03,21.78,995.7,774.0,54.2444,50.20833
2022-02-05/15:51:04,21.78,995.7,774.0,54.2444,50.0
2022-02-05/15:51:05,21.78,995.7,774.0,54.2444,50.0
2022-02-05/15:51:06,21.78,995.7,774.0,62.70144,50.0
2022-02-05/15:51:07,21.78,995.7,774.0,62.70144,50.10417
2022-02-05/15:51:08,21.78,995.7,774.0,62.70144,50.83333
2022-02-05/15:51:09,21.78,995.7,774.0,63.3892,50.83333
2022-02-05/15:51:11,21.78,995.7,774.0,63.3892,50.83333
2022-02-05/15:51:12,21.78,995.7,774.0,63.3892,50.83333
2022-02-05/15:51:13,21.78,995.7,774.0,63.96654,50.83333
2022-02-05/15:51:14,21.78,995.7,774.0,63.96654,50.83333
2022-02-05/15:51:15,21.78,995.7,774.0,63.96654,50.52083
2022-02-05/15:51:16,21.78,995.7,774.0,64.46853,50.0
2022-02-05/15:51:17,21.78,995.7,774.0,64.46853,49.27083
2022-02-05/15:51:18,21.78,995.7,774.0,64.46853,49.16666
2022-02-05/15:51:19,21.77,995.5999,781.0,56.06474,49.16666
2022-02-05/15:51:20,21.77,995.5999,781.0,56.06474,49.16666
2022-02-05/15:51:21,21.77,995.5999,781.0,56.06474,49.16666
2022-02-05/15:51:23,21.77,995.5999,781.0,63.21823,49.16666
2022-02-05/15:51:24,21.77,995.5999,781.0,63.21823,49.16666
2022-02-05/15:51:25,21.77,995.5999,781.0,63.21823,49.375
2022-02-05/15:51:26,21.77,995.5999,781.0,61.67737,49.375
2022-02-05/15:51:27,21.77,995.5999,781.0,61.67737,49.89583
2022-02-05/15:51:28,21.77,995.5999,781.0,61.67737,49.27083
2022-02-05/15:51:29,21.77,995.5999,781.0,63.57468,49.47917
2022-02-05/15:51:30,21.77,995.5999,781.0,63.57468,49.16666
2022-02-05/15:51:31,21.77,995.5999,781.0,63.57468,49.16666
2022-02-05/15:51:32,21.73,995.7,787.0,55.49446,49.16666
2022-02-05/15:51:33,21.73,995.7,787.0,55.49446,49.16666
2022-02-05/15:51:35,21.73,995.7,787.0,55.49446,49.0625
2022-02-05/15:51:36,21.73,995.7,787.0,60.81702,49.16666
2022-02-05/15:51:37,21.73,995.7,787.0,60.81702,49.16666
2022-02-05/15:51:38,21.73,995.7,787.0,60.81702,49.16666
2022-02-05/15:51:39,21.73,995.7,787.0,59.02811,48.85417
2022-02-05/15:51:40,21.73,995.7,787.0,59.02811,48.33333
2022-02-05/15:51:41,21.73,995.7,787.0,59.02811,48.33333
2022-02-05/15:51:42,21.73,995.7,787.0,60.61626,48.33333
2022-02-05/15:51:43,21.73,995.7,787.0,60.61626,48.33333
2022-02-05/15:51:44,21.73,995.7,787.0,60.61626,48.75
2022-02-05/15:51:45,21.73,995.7,787.0,63.29951,49.0625
2022-02-05/15:51:47,21.73,995.7,787.0,63.29951,49.47917
2022-02-05/15:51:48,21.73,995.7,787.0,63.29951,50.83333
2022-02-05/15:51:49,21.73,995.7,793.0,54.62993,50.83333
2022-02-05/15:51:50,21.73,995.7,793.0,54.62993,50.52083
2022-02-05/15:51:51,21.73,995.7,793.0,54.62993,48.33333
2022-02-05/15:51:52,21.73,995.7,793.0,61.21042,48.33333
2022-02-05/15:51:53,21.73,995.7,793.0,61.21042,48.33333
2022-02-05/15:51:54,21.73,995.7,793.0,61.21042,48.4375
2022-02-05/15:51:55,21.73,995.7,793.0,62.29717,48.33333
2022-02-05/15:51:56,21.73,995.7,793.0,62.29717,48.33333
2022-02-05/15:51:57,21.73,995.7,793.0,62.29717,48.33333
2022-02-05/15:51:59,21.73,995.7,793.0,63.42828,48.22917
2022-02-05/15:52:00,21.73,995.7,793.0,63.42828,48.125
2022-02-05/15:52:01,21.73,995.7,793.0,63.42828,48.33333
2022-02-05/15:52:02,21.72,995.5999,805.0,57.58152,48.33333
2022-02-05/15:52:03,21.72,995.5999,805.0,57.58152,49.0625
2022-02-05/15:52:04,21.72,995.5999,805.0,57.58152,48.02083
2022-02-05/15:52:05,21.72,995.5999,805.0,59.49838,47.8125
2022-02-05/15:52:06,21.72,995.5999,805.0,59.49838,48.02083
2022-02-05/15:52:07,21.72,995.5999,805.0,59.49838,48.22917
2022-02-05/15:52:08,21.72,995.5999,805.0,62.90855,47.60417
2022-02-05/15:52:09,21.72,995.5999,805.0,62.90855,47.70833
2022-02-05/15:52:11,21.72,995.5999,805.0,62.90855,47.5
2022-02-05/15:52:12,21.72,995.5999,805.0,62.41046,49.0625
2022-02-05/15:52:13,21.72,995.5999,805.0,62.41046,48.4375
2022-02-05/15:52:14,21.72,995.5999,805.0,62.41046,47.60417
2022-02-05/15:52:15,21.72,995.5999,805.0,63.82253,47.5
2022-02-05/15:52:16,21.72,995.5999,805.0,63.82253,47.5
2022-02-05/15:52:17,21.72,995.5999,805.0,63.82253,47.5
2022-02-05/15:52:18,21.71,995.7,809.0,57.45,47.5
2022-02-05/15:52:19,21.71,995.7,809.0,57.45,47.5
2022-02-05/15:52:20,21.71,995.7,809.0,57.45,47.5
2022-02-05/15:52:21,21.71,995.7,809.0,59.05418,47.5
2022-02-05/15:52:23,21.71,995.7,809.0,59.05418,47.5
2022-02-05/15:52:24,21.71,995.7,809.0,59.05418,47.5
2022-02-05/15:52:25,21.71,995.7,809.0,63.04431,47.91667
2022-02-05/15:52:26,21.71,995.7,809.0,63.04431,47.91667
2022-02-05/15:52:27,21.71,995.7,809.0,63.04431,48.02083
2022-02-05/15:52:28,21.71,995.7,809.0,64.20659,47.91667
2022-02-05/15:52:29,21.71,995.7,809.0,64.20659,47.5
2022-02-05/15:52:30,21.71,995.7,809.0,64.20659,47.5
2022-02-05/15:52:31,21.71,995.7,809.0,58.52043,47.5
2022-02-05/15:52:32,21.71,995.7,809.0,58.52043,47.5
2022-02-05/15:52:33,21.71,995.7,809.0,58.52043,47.5
2022-02-05/15:52:35,21.68,995.7,817.0,56.12798,47.5
2022-02-05/15:52:36,21.68,995.7,817.0,56.12798,47.5
2022-02-05/15:52:37,21.68,995.7,817.0,56.12798,48.33333
2022-02-05/15:52:38,21.68,995.7,817.0,62.1814,48.33333
2022-02-05/15:52:39,21.68,995.7,817.0,62.1814,48.33333
2022-02-05/15:52:40,21.68,995.7,817.0,62.1814,48.33333
2022-02-05/15:52:41,21.68,995.7,817.0,64.3966,48.33333
2022-02-05/15:52:42,21.68,995.7,817.0,64.3966,48.33333
2022-02-05/15:52:43,21.68,995.7,817.0,64.3966,48.02083
2022-02-05/15:52:44,21.68,995.7,817.0,63.33177,47.29167
2022-02-05/15:52:45,21.68,995.7,817.0,63.33177,47.29167
2022-02-05/15:52:47,21.68,995.7,817.0,63.33177,47.29167
2022-02-05/15:52:48,21.68,995.7,822.0,54.42924,47.5
2022-02-05/15:52:49,21.68,995.7,822.0,54.42924,47.5
2022-02-05/15:52:50,21.68,995.7,822.0,54.42924,47.5
2022-02-05/15:52:51,21.68,995.7,822.0,61.1424,47.5
2022-02-05/15:52:52,21.68,995.7,822.0,61.1424,47.5
2022-02-05/15:52:53,21.68,995.7,822.0,61.1424,47.5
2022-02-05/15:52:54,21.68,995.7,822.0,62.47291,47.5
2022-02-05/15:52:55,21.68,995.7,822.0,62.47291,46.875
2022-02-05/15:52:56,21.68,995.7,822.0,62.47291,48.33333
2022-02-05/15:52:57,21.68,995.7,822.0,62.47406,48.22917
2022-02-05/15:52:59,21.68,995.7,822.0,62.47406,47.70833
2022-02-05/15:53:00,21.68,995.7,822.0,62.47406,47.5
2022-02-05/15:53:01,21.68,995.7,822.0,67.51268,47.5
2022-02-05/15:53:02,21.68,995.7,822.0,67.51268,47.5
2022-02-05/15:53:03,21.68,995.7,822.0,67.51268,47.5
2022-02-05/15:53:04,21.68,995.7,823.0,52.11372,47.5
2022-02-05/15:53:05,21.68,995.7,823.0,52.11372,47.5
2022-02-05/15:53:06,21.68,995.7,823.0,52.11372,47.5
2022-02-05/15:53:07,21.68,995.7,823.0,64.09616,47.5
2022-02-05/15:53:08,21.68,995.7,823.0,64.09616,47.5
2022-02-05/15:53:10,21.68,995.7,823.0,64.09616,47.5
2022-02-05/15:53:11,21.68,995.7,823.0,59.57603,47.29167
2022-02-05/15:53:12,21.68,995.7,823.0,59.57603,48.125
2022-02-05/15:53:13,21.68,995.7,823.0,59.57603,48.33333
2022-02-05/15:53:14,21.68,995.7,823.0,58.61054,48.33333
2022-02-05/15:53:15,21.68,995.7,823.0,58.61054,48.33333
2022-02-05/15:53:16,21.68,995.7,823.0,58.61054,48.33333
2022-02-05/15:53:17,21.66,995.7,826.0,57.37386,48.33333
2022-02-05/15:53:18,21.66,995.7,826.0,57.37386,48.33333
2022-02-05/15:53:19,21.66,995.7,826.0,57.37386,48.33333
2022-02-05/15:53:20,21.66,995.7,826.0,59.3013,48.125
2022-02-05/15:53:22,21.66,995.7,826.0,59.3013,47.39583
2022-02-05/15:53:23,21.66,995.7,826.0,59.3013,47.5
2022-02-05/15:53:24,21.66,995.7,826.0,62.76679,46.875
2022-02-05/15:53:25,21.66,995.7,826.0,62.76679,47.39583
2022-02-05/15:53:26,21.66,995.7,826.0,62.76679,47.5
2022-02-05/15:53:27,21.66,995.7,826.0,65.14272,47.5
2022-02-05/15:53:28,21.66,995.7,826.0,65.14272,47.5
2022-02-05/15:53:29,21.66,995.7,826.0,65.14272,47.5
2022-02-05/15:53:30,21.66,995.7,826.0,62.55771,47.5
2022-02-05/15:53:31,21.66,995.7,826.0,62.55771,47.5
2022-02-05/15:53:32,21.66,995.7,826.0,62.55771,47.5
2022-02-05/15:53:33,21.66,995.7,823.0,55.04385,47.8125
2022-02-05/15:53:35,21.66,995.7,823.0,55.04385,47.5
2022-02-05/15:53:36,21.66,995.7,823.0,55.04385,47.5
2022-02-05/15:53:37,21.66,995.7,823.0,64.2985,48.22917
2022-02-05/15:53:38,21.66,995.7,823.0,64.2985,47.91667
2022-02-05/15:53:39,21.66,995.7,823.0,64.2985,47.70833
2022-02-05/15:53:40,21.66,995.7,823.0,49.09673,48.22917
2022-02-05/15:53:41,21.66,995.7,823.0,49.09673,48.125
2022-02-05/15:53:42,21.66,995.7,823.0,49.09673,48.33333
2022-02-05/15:53:43,21.66,995.7,823.0,61.38198,48.02083
2022-02-05/15:53:44,21.66,995.7,823.0,61.38198,48.33333
2022-02-05/15:53:45,21.66,995.7,823.0,61.38198,48.22917
2022-02-05/15:53:47,21.66,995.7,823.0,63.81876,48.33333
2022-02-05/15:53:48,21.66,995.7,823.0,63.81876,48.33333
2022-02-05/15:53:49,21.66,995.7,823.0,63.81876,48.125
2022-02-05/15:53:50,21.66,995.7,836.0,54.38796,47.8125
2022-02-05/15:53:51,21.66,995.7,836.0,54.38796,47.70833
2022-02-05/15:53:52,21.66,995.7,836.0,54.38796,48.33333
2022-02-05/15:53:53,21.66,995.7,836.0,64.03929,48.125
2022-02-05/15:53:54,21.66,995.7,836.0,64.03929,47.8125
2022-02-05/15:53:55,21.66,995.7,836.0,64.03929,48.33333
2022-02-05/15:53:56,21.66,995.7,836.0,64.29342,48.22917
2022-02-05/15:53:57,21.66,995.7,836.0,64.29342,47.60417
2022-02-05/15:53:58,21.66,995.7,836.0,64.29342,48.33333
2022-02-05/15:54:00,21.66,995.7,836.0,63.90551,48.33333
2022-02-05/15:54:01,21.66,995.7,836.0,63.90551,48.02083
2022-02-05/15:54:02,21.66,995.7,836.0,63.90551,48.22917
2022-02-05/15:54:03,21.64,995.7,842.0,52.422,47.70833
2022-02-05/15:54:04,21.64,995.7,842.0,52.422,47.8125
2022-02-05/15:54:05,21.64,995.7,842.0,52.422,48.85416
2022-02-05/15:54:06,21.64,995.7,842.0,63.77628,49.16666
2022-02-05/15:54:07,21.64,995.7,842.0,63.77628,49.16666
2022-02-05/15:54:08,21.64,995.7,842.0,63.77628,49.47917
2022-02-05/15:54:09,21.64,995.7,842.0,64.75381,49.16667
2022-02-05/15:54:11,21.64,995.7,842.0,64.75381,47.5
2022-02-05/15:54:12,21.64,995.7,842.0,64.75381,47.5
2022-02-05/15:54:13,21.64,995.7,842.0,64.65915,47.60417
2022-02-05/15:54:14,21.64,995.7,842.0,64.65915,47.60417
2022-02-05/15:54:15,21.64,995.7,842.0,64.65915,47.5
2022-02-05/15:54:16,21.64,995.7,842.0,62.99961,47.5
2022-02-05/15:54:17,21.64,995.7,842.0,62.99961,47.5
2022-02-05/15:54:18,21.64,995.7,842.0,62.99961,47.70833
2022-02-05/15:54:19,21.63,995.7,844.0,55.34382,47.5
2022-02-05/15:54:20,21.63,995.7,844.0,55.34382,47.5
2022-02-05/15:54:21,21.63,995.7,844.0,55.34382,47.5
2022-02-05/15:54:22,21.63,995.7,844.0,63.94518,47.5
2022-02-05/15:54:24,21.63,995.7,844.0,63.94518,47.60417
2022-02-05/15:54:25,21.63,995.7,844.0,63.94518,47.70833
2022-02-05/15:54:26,21.63,995.7,844.0,62.21695,47.5
2022-02-05/15:54:27,21.63,995.7,844.0,62.21695,47.5
2022-02-05/15:54:28,21.63,995.7,844.0,62.21695,47.5
2022-02-05/15:54:29,21.63,995.7,844.0,63.2733,47.5
2022-02-05/15:54:30,21.63,995.7,844.0,63.2733,47.5
2022-02-05/15:54:31,21.63,995.7,844.0,63.2733,47.70833
2022-02-05/15:54:32,21.6,995.5999,848.0,53.94722,48.4375
2022-02-05/15:54:33,21.6,995.5999,848.0,53.94722,49.89583
2022-02-05/15:54:34,21.6,995.5999,848.0,53.94722,48.64583
2022-02-05/15:54:36,21.6,995.5999,848.0,52.22087,47.5
2022-02-05/15:54:37,21.6,995.5999,848.0,52.22087,47.5
2022-02-05/15:54:38,21.6,995.5999,848.0,52.22087,47.5
2022-02-05/15:54:39,21.6,995.5999,848.0,60.71222,47.5
2022-02-05/15:54:40,21.6,995.5999,848.0,60.71222,47.5
2022-02-05/15:54:41,21.6,995.5999,848.0,60.71222,47.5
2022-02-05/15:54:42,21.6,995.5999,848.0,62.97696,47.5
2022-02-05/15:54:43,21.6,995.5999,848.0,62.97696,47.5
2022-02-05/15:54:44,21.6,995.5999,848.0,62.97696,48.22917
2022-02-05/15:54:45,21.6,995.5999,848.0,63.73624,48.125
2022-02-05/15:54:46,21.6,995.5999,848.0,63.73624,48.54167
2022-02-05/15:54:48,21.6,995.5999,848.0,63.73624,47.60417
2022-02-05/15:54:49,21.63,995.7,846.0,57.16304,47.5
2022-02-05/15:54:50,21.63,995.7,846.0,57.16304,47.60417
2022-02-05/15:54:51,21.63,995.7,846.0,57.16304,47.5
2022-02-05/15:54:52,21.63,995.7,846.0,65.05615,47.8125
2022-02-05/15:54:53,21.63,995.7,846.0,65.05615,48.02083
2022-02-05/15:54:54,21.63,995.7,846.0,65.05615,48.64583
2022-02-05/15:54:55,21.63,995.7,846.0,63.34779,48.33333
2022-02-05/15:54:56,21.63,995.7,846.0,63.34779,48.64583
2022-02-05/15:54:57,21.63,995.7,846.0,63.34779,49.16666
2022-02-05/15:54:58,21.63,995.7,846.0,61.58044,49.16666
2022-02-05/15:55:00,21.63,995.7,846.0,61.58044,48.75
2022-02-05/15:55:01,21.63,995.7,846.0,61.58044,48.75
2022-02-05/15:55:02,21.63,995.7,845.0,58.8628,48.33333
2022-02-05/15:55:03,21.63,995.7,845.0,58.8628,48.33333
2022-02-05/15:55:04,21.63,995.7,845.0,58.8628,48.33333
2022-02-05/15:55:05,21.63,995.7,845.0,58.56724,48.33333
2022-02-05/15:55:06,21.63,995.7,845.0,58.56724,48.33333
2022-02-05/15:55:07,21.63,995.7,845.0,58.56724,48.33333
2022-02-05/15:55:08,21.63,995.7,845.0,62.45651,48.33333
2022-02-05/15:55:09,21.63,995.7,845.0,62.45651,48.22917
2022-02-05/15:55:10,21.63,995.7,845.0,62.45651,48.33333
2022-02-05/15:55:12,21.63,995.7,845.0,60.44597,48.33333
2022-02-05/15:55:13,21.63,995.7,845.0,60.44597,48.33333
2022-02-05/15:55:14,21.63,995.7,845.0,60.44597,48.33333
2022-02-05/15:55:15,21.63,995.7,845.0,59.60965,48.33333
2022-02-05/15:55:16,21.63,995.7,845.0,59.60965,48.33333
2022-02-05/15:55:17,21.63,995.7,845.0,59.60965,48.33333
2022-02-05/15:55:18,21.6,995.7,843.0,57.22472,48.75
2022-02-05/15:55:19,21.6,995.7,843.0,57.22472,49.16666
2022-02-05/15:55:20,21.6,995.7,843.0,57.22472,49.79167
2022-02-05/15:55:21,21.6,995.7,843.0,61.29197,49.16666
2022-02-05/15:55:22,21.6,995.7,843.0,61.29197,49.375
2022-02-05/15:55:24,21.6,995.7,843.0,61.29197,49.0625
2022-02-05/15:55:25,21.6,995.7,843.0,63.96892,48.4375
2022-02-05/15:55:26,21.6,995.7,843.0,63.96892,48.64583
2022-02-05/15:55:27,21.6,995.7,843.0,63.96892,49.375
2022-02-05/15:55:28,21.6,995.7,843.0,56.73626,49.58333
2022-02-05/15:55:29,21.6,995.7,843.0,56.73626,49.16666
2022-02-05/15:55:30,21.6,995.7,843.0,56.73626,49.16666
2022-02-05/15:55:31,21.6,995.7,843.0,62.34827,49.16666
2022-02-05/15:55:32,21.6,995.7,843.0,62.34827,49.16666
2022-02-05/15:55:33,21.6,995.7,843.0,62.34827,49.16666
2022-02-05/15:55:35,21.62,995.7,842.0,58.5204,49.16666
2022-02-05/15:55:36,21.62,995.7,842.0,58.5204,49.16666
2022-02-05/15:55:37,21.62,995.7,842.0,58.5204,49.16666
2022-02-05/15:55:38,21.62,995.7,842.0,63.64961,48.64583
2022-02-05/15:55:39,21.62,995.7,842.0,63.64961,48.33333
2022-02-05/15:55:40,21.62,995.7,842.0,63.64961,49.0625
2022-02-05/15:55:41,21.62,995.7,842.0,64.22444,49.375
2022-02-05/15:55:42,21.62,995.7,842.0,64.22444,49.16666
2022-02-05/15:55:43,21.62,995.7,842.0,64.22444,49.16666
2022-02-05/15:55:44,21.62,995.7,842.0,63.9635,49.16666
2022-02-05/15:55:45,21.62,995.7,842.0,63.9635,49.16667
2022-02-05/15:55:47,21.62,995.7,842.0,63.9635,49.47916
2022-02-05/15:55:48,21.6,995.7,845.0,52.7393,49.16666
2022-02-05/15:55:49,21.6,995.7,845.0,52.7393,49.47917
2022-02-05/15:55:50,21.6,995.7,845.0,52.7393,50.0
2022-02-05/15:55:51,21.6,995.7,845.0,61.5661,49.47916
2022-02-05/15:55:52,21.6,995.7,845.0,61.5661,49.6875
2022-02-05/15:55:53,21.6,995.7,845.0,61.5661,50.0
2022-02-05/15:55:54,21.6,995.7,845.0,63.16144,49.47917
2022-02-05/15:55:55,21.6,995.7,845.0,63.16144,49.375
2022-02-05/15:55:56,21.6,995.7,845.0,63.16144,49.47916
2022-02-05/15:55:57,21.6,995.7,845.0,63.65047,49.16666
2022-02-05/15:55:59,21.6,995.7,845.0,63.65047,49.58333
2022-02-05/15:56:00,21.6,995.7,845.0,63.65047,49.6875
2022-02-05/15:56:01,21.6,995.7,845.0,61.75886,49.89583
2022-02-05/15:56:02,21.6,995.7,845.0,61.75886,49.79167
2022-02-05/15:56:03,21.6,995.7,845.0,61.75886,49.6875
2022-02-05/15:56:04,21.59,995.7,843.0,47.23598,48.33333
2022-02-05/15:56:05,21.59,995.7,843.0,47.23598,48.33333
2022-02-05/15:56:06,21.59,995.7,843.0,47.23598,48.64583
2022-02-05/15:56:07,21.59,995.7,843.0,66.44815,48.4375
2022-02-05/15:56:08,21.59,995.7,843.0,66.44815,48.64583
2022-02-05/15:56:09,21.59,995.7,843.0,66.44815,49.375
2022-02-05/15:56:11,21.59,995.7,843.0,59.11504,48.85417
2022-02-05/15:56:12,21.59,995.7,843.0,59.11504,48.33333
2022-02-05/15:56:13,21.59,995.7,843.0,59.11504,48.33333
2022-02-05/15:56:14,21.59,995.7,843.0,63.37139,48.85416
2022-02-05/15:56:15,21.59,995.7,843.0,63.37139,49.6875
2022-02-05/15:56:16,21.59,995.7,843.0,63.37139,49.6875
2022-02-05/15:56:17,21.57,995.7,843.0,60.19079,49.6875
2022-02-05/15:56:18,21.57,995.7,843.0,60.19079,50.20833
2022-02-05/15:56:19,21.57,995.7,843.0,60.19079,49.27083
2022-02-05/15:56:20,21.57,995.7,843.0,59.85719,48.85417
2022-02-05/15:56:21,21.57,995.7,843.0,59.85719,49.16666
2022-02-05/15:56:23,21.57,995.7,843.0,59.85719,48.4375
2022-02-05/15:56:24,21.57,995.7,843.0,63.28015,48.33333
2022-02-05/15:56:25,21.57,995.7,843.0,63.28015,48.33333
2022-02-05/15:56:26,21.57,995.7,843.0,63.28015,48.33333
2022-02-05/15:56:27,21.57,995.7,843.0,68.78687,48.33333
2022-02-05/15:56:28,21.57,995.7,843.0,68.78687,48.75
2022-02-05/15:56:29,21.57,995.7,843.0,68.78687,48.75
2022-02-05/15:56:30,21.57,995.7,843.0,58.32553,48.54167
2022-02-05/15:56:31,21.57,995.7,843.0,58.32553,48.85417
2022-02-05/15:56:32,21.57,995.7,843.0,58.32553,48.33333
2022-02-05/15:56:33,21.56,995.7,839.0,56.57747,48.33333
2022-02-05/15:56:35,21.56,995.7,839.0,56.57747,48.33333
2022-02-05/15:56:36,21.56,995.7,839.0,56.57747,48.33333
2022-02-05/15:56:37,21.56,995.7,839.0,61.1683,48.85416
2022-02-05/15:56:38,21.56,995.7,839.0,61.1683,49.16666
2022-02-05/15:56:39,21.56,995.7,839.0,61.1683,48.75
2022-02-05/15:56:40,21.56,995.7,839.0,64.49994,48.95833
2022-02-05/15:56:41,21.56,995.7,839.0,64.49994,48.33333
2022-02-05/15:56:42,21.56,995.7,839.0,64.49994,48.33333
2022-02-05/15:56:43,21.56,995.7,839.0,64.02206,48.33333
2022-02-05/15:56:44,21.56,995.7,839.0,64.02206,48.33333
2022-02-05/15:56:45,21.56,995.7,839.0,64.02206,48.33333
2022-02-05/15:56:47,21.56,995.7,839.0,59.59355,48.33333
2022-02-05/15:56:48,21.56,995.7,839.0,59.59355,48.33333
2022-02-05/15:56:49,21.56,995.7,839.0,59.59355,48.33333
2022-02-05/15:56:50,21.57,995.7,838.0,56.59409,47.70833
2022-02-05/15:56:51,21.57,995.7,838.0,56.59409,47.70833
2022-02-05/15:56:52,21.57,995.7,838.0,56.59409,48.22917
2022-02-05/15:56:53,21.57,995.7,838.0,62.72014,48.33333
2022-02-05/15:56:54,21.57,995.7,838.0,62.72014,48.33333
2022-02-05/15:56:55,21.57,995.7,838.0,62.72014,48.4375
2022-02-05/15:56:56,21.57,995.7,838.0,62.00815,49.375
2022-02-05/15:56:58,21.57,995.7,838.0,62.00815,49.79167
2022-02-05/15:56:59,21.57,995.7,838.0,62.00815,48.75
2022-02-05/15:57:00,21.57,995.7,838.0,62.99051,48.33333
2022-02-05/15:57:01,21.57,995.7,838.0,62.99051,48.125
2022-02-05/15:57:02,21.57,995.7,838.0,62.99051,47.91667
2022-02-05/15:57:03,21.57,995.7999,832.0,54.82934,47.5
2022-02-05/15:57:04,21.57,995.7999,832.0,54.82934,47.5
2022-02-05/15:57:05,21.57,995.7999,832.0,54.82934,47.5
2022-02-05/15:57:06,21.57,995.7999,832.0,63.40837,47.5
2022-02-05/15:57:07,21.57,995.7999,832.0,63.40837,48.33333
2022-02-05/15:57:08,21.57,995.7999,832.0,63.40837,48.33333
2022-02-05/15:57:09,21.57,995.7999,832.0,62.3801,48.33333
2022-02-05/15:57:10,21.57,995.7999,832.0,62.3801,48.33333
2022-02-05/15:57:12,21.57,995.7999,832.0,62.3801,48.4375
2022-02-05/15:57:13,21.57,995.7999,832.0,63.52344,49.16666
2022-02-05/15:57:14,21.57,995.7999,832.0,63.52344,48.75
2022-02-05/15:57:15,21.57,995.7999,832.0,63.52344,49.16666
2022-02-05/15:57:16,21.57,995.7999,832.0,61.10008,48.64583
2022-02-05/15:57:17,21.57,995.7999,832.0,61.10008,48.33333
2022-02-05/15:57:18,21.57,995.7999,832.0,61.10008,48.33333
2022-02-05/15:57:19,21.57,995.7,836.0,55.60667,48.33333
2022-02-05/15:57:20,21.57,995.7,836.0,55.60667,47.91667
2022-02-05/15:57:21,21.57,995.7,836.0,55.60667,47.5
2022-02-05/15:57:23,21.57,995.7,836.0,60.56383,47.5
2022-02-05/15:57:24,21.57,995.7,836.0,60.56383,47.5
2022-02-05/15:57:25,21.57,995.7,836.0,60.56383,47.5
2022-02-05/15:57:26,21.57,995.7,836.0,64.03006,47.5
2022-02-05/15:57:27,21.57,995.7,836.0,64.03006,47.5
2022-02-05/15:57:28,21.57,995.7,836.0,64.03006,47.5
2022-02-05/15:57:29,21.57,995.7,836.0,63.21445,48.02083
2022-02-05/15:57:30,21.57,995.7,836.0,63.21445,47.60417
2022-02-05/15:57:31,21.57,995.7,836.0,63.21445,47.5
2022-02-05/15:57:32,21.57,995.7,833.0,56.76232,47.5
2022-02-05/15:57:33,21.57,995.7,833.0,56.76232,47.5
2022-02-05/15:57:35,21.57,995.7,833.0,56.76232,47.5
2022-02-05/15:57:36,21.57,995.7,833.0,63.2617,47.5
2022-02-05/15:57:37,21.57,995.7,833.0,63.2617,47.5
2022-02-05/15:57:38,21.57,995.7,833.0,63.2617,47.5
2022-02-05/15:57:39,21.57,995.7,833.0,61.32593,47.5
2022-02-05/15:57:40,21.57,995.7,833.0,61.32593,47.5
2022-02-05/15:57:41,21.57,995.7,833.0,61.32593,48.4375
2022-02-05/15:57:42,21.57,995.7,833.0,64.89616,49.27083
2022-02-05/15:57:43,21.57,995.7,833.0,64.89616,49.375
2022-02-05/15:57:44,21.57,995.7,833.0,64.89616,50.0
2022-02-05/15:57:45,21.57,995.7,833.0,61.9191,49.16667
2022-02-05/15:57:46,21.57,995.7,833.0,61.9191,48.02083
2022-02-05/15:57:48,21.57,995.7,833.0,61.9191,48.33333
2022-02-05/15:57:49,21.59,995.7999,834.0,57.22124,48.33333
2022-02-05/15:57:50,21.59,995.7999,834.0,57.22124,48.33333
2022-02-05/15:57:51,21.59,995.7999,834.0,57.22124,48.33333
2022-02-05/15:57:52,21.59,995.7999,834.0,67.23304,48.22917
2022-02-05/15:57:53,21.59,995.7999,834.0,67.23304,47.5
2022-02-05/15:57:54,21.59,995.7999,834.0,67.23304,47.5
2022-02-05/15:57:55,21.59,995.7999,834.0,64.99902,47.5
2022-02-05/15:57:56,21.59,995.7999,834.0,64.99902,47.5
2022-02-05/15:57:57,21.59,995.7999,834.0,64.99902,47.8125
2022-02-05/15:57:58,21.59,995.7999,834.0,62.92302,48.54166
2022-02-05/15:58:00,21.59,995.7999,834.0,62.92302,49.16666
2022-02-05/15:58:01,21.59,995.7999,834.0,62.92302,49.16666
2022-02-05/15:58:02,21.59,995.7999,834.0,57.41562,49.375
2022-02-05/15:58:03,21.59,995.7999,834.0,57.41562,49.0625
2022-02-05/15:58:04,21.59,995.7999,834.0,57.41562,48.02083
2022-02-05/15:58:05,21.59,995.7,832.0,58.03289,49.16666
2022-02-05/15:58:06,21.59,995.7,832.0,58.03289,49.16666
2022-02-05/15:58:07,21.59,995.7,832.0,58.03289,49.16666
2022-02-05/15:58:08,21.59,995.7,832.0,60.88278,49.16666
2022-02-05/15:58:09,21.59,995.7,832.0,60.88278,49.16666
2022-02-05/15:58:10,21.59,995.7,832.0,60.88278,49.16666
2022-02-05/15:58:12,21.59,995.7,832.0,63.98996,49.16666
2022-02-05/15:58:13,21.59,995.7,832.0,63.98996,47.91667
2022-02-05/15:58:14,21.59,995.7,832.0,63.98996,47.5
2022-02-05/15:58:15,21.59,995.7,832.0,66.29206,47.5
2022-02-05/15:58:16,21.59,995.7,832.0,66.29206,47.5
2022-02-05/15:58:17,21.59,995.7,832.0,66.29206,47.5
2022-02-05/15:58:18,21.58,995.7,835.0,56.74402,47.5
2022-02-05/15:58:19,21.58,995.7,835.0,56.74402,48.22917
2022-02-05/15:58:20,21.58,995.7,835.0,56.74402,49.16666
2022-02-05/15:58:21,21.58,995.7,835.0,62.76123,49.0625
2022-02-05/15:58:22,21.58,995.7,835.0,62.76123,49.16666
2022-02-05/15:58:24,21.58,995.7,835.0,62.76123,49.16666
2022-02-05/15:58:25,21.58,995.7,835.0,60.69348,49.0625
2022-02-05/15:58:26,21.58,995.7,835.0,60.69348,47.5
2022-02-05/15:58:27,21.58,995.7,835.0,60.69348,47.5
2022-02-05/15:58:28,21.58,995.7,835.0,63.56051,47.39583
2022-02-05/15:58:29,21.58,995.7,835.0,63.56051,47.08333
2022-02-05/15:58:30,21.58,995.7,835.0,63.56051,47.5
2022-02-05/15:58:31,21.58,995.7,835.0,64.85031,47.5
2022-02-05/15:58:32,21.58,995.7,835.0,64.85031,47.5
2022-02-05/15:58:33,21.58,995.7,835.0,64.85031,47.5
2022-02-05/15:58:35,21.58,995.7,826.0,56.65786,47.5
2022-02-05/15:58:36,21.58,995.7,826.0,56.65786,47.5
2022-02-05/15:58:37,21.58,995.7,826.0,56.65786,47.5
2022-02-05/15:58:38,21.58,995.7,826.0,57.98735,47.5
2022-02-05/15:58:39,21.58,995.7,826.0,57.98735,47.5
2022-02-05/15:58:40,21.58,995.7,826.0,57.98735,47.5
2022-02-05/15:58:41,21.58,995.7,826.0,64.46844,47.5
2022-02-05/15:58:42,21.58,995.7,826.0,64.46844,47.70833
2022-02-05/15:58:43,21.58,995.7,826.0,64.46844,47.5
2022-02-05/15:58:44,21.58,995.7,826.0,63.53646,47.5
2022-02-05/15:58:45,21.58,995.7,826.0,63.53646,47.5
2022-02-05/15:58:46,21.58,995.7,826.0,63.53646,47.1875
2022-02-05/15:58:48,21.56,995.7,823.0,55.53854,45.83333
2022-02-05/15:58:49,21.56,995.7,823.0,55.53854,45.83333
2022-02-05/15:58:50,21.56,995.7,823.0,55.53854,45.83333
2022-02-05/15:58:51,21.56,995.7,823.0,62.89816,46.45833
2022-02-05/15:58:52,21.56,995.7,823.0,62.89816,45.83333
2022-02-05/15:58:53,21.56,995.7,823.0,62.89816,46.35416
2022-02-05/15:58:54,21.56,995.7,823.0,57.31091,46.97917
2022-02-05/15:58:55,21.56,995.7,823.0,57.31091,46.5625
2022-02-05/15:58:56,21.56,995.7,823.0,57.31091,46.35417
2022-02-05/15:58:57,21.56,995.7,823.0,60.58662,45.83333
2022-02-05/15:58:58,21.56,995.7,823.0,60.58662,45.83333
2022-02-05/15:59:00,21.56,995.7,823.0,60.58662,45.83333
2022-02-05/15:59:01,21.56,995.7,823.0,63.06781,45.83333
2022-02-05/15:59:02,21.56,995.7,823.0,63.06781,45.83333
2022-02-05/15:59:03,21.56,995.7,823.0,63.06781,45.83333
2022-02-05/15:59:04,21.54,995.5999,822.0,55.1323,46.66666
2022-02-05/15:59:05,21.54,995.5999,822.0,55.1323,46.5625
2022-02-05/15:59:06,21.54,995.5999,822.0,55.1323,45.83333
2022-02-05/15:59:07,21.54,995.5999,822.0,62.93845,45.83333
2022-02-05/15:59:08,21.54,995.5999,822.0,62.93845,45.83333
2022-02-05/15:59:09,21.54,995.5999,822.0,62.93845,45.83333
2022-02-05/15:59:11,21.54,995.5999,822.0,67.86205,45.83333
2022-02-05/15:59:12,21.54,995.5999,822.0,67.86205,45.83333
2022-02-05/15:59:13,21.54,995.5999,822.0,67.86205,45.83333
2022-02-05/15:59:14,21.54,995.5999,822.0,61.6662,46.45833
2022-02-05/15:59:15,21.54,995.5999,822.0,61.6662,46.66666
2022-02-05/15:59:16,21.54,995.5999,822.0,61.6662,46.66666
2022-02-05/15:59:17,21.56,995.7,825.0,65.2264,46.66666
2022-02-05/15:59:18,21.56,995.7,825.0,65.2264,45.83333
2022-02-05/15:59:19,21.56,995.7,825.0,65.2264,45.83333
2022-02-05/15:59:20,21.56,995.7,825.0,59.13656,45.83333
2022-02-05/15:59:21,21.56,995.7,825.0,59.13656,45.9375
2022-02-05/15:59:22,21.56,995.7,825.0,59.13656,45.83333
2022-02-05/15:59:24,21.56,995.7,825.0,62.5564,45.83333
2022-02-05/15:59:25,21.56,995.7,825.0,62.5564,45.83333
2022-02-05/15:59:26,21.56,995.7,825.0,62.5564,45.83333
2022-02-05/15:59:27,21.56,995.7,825.0,63.72559,45.83333
2022-02-05/15:59:28,21.56,995.7,825.0,63.72559,45.20833
2022-02-05/15:59:29,21.56,995.7,825.0,63.72559,45.83333
2022-02-05/15:59:30,21.56,995.7,825.0,62.0491,45.83333
2022-02-05/15:59:31,21.56,995.7,825.0,62.0491,45.83333
2022-02-05/15:59:32,21.56,995.7,825.0,62.0491,45.3125
2022-02-05/15:59:34,21.58,995.7,823.0,54.28476,45.83333
2022-02-05/15:59:35,21.58,995.7,823.0,54.28476,45.83333
2022-02-05/15:59:36,21.58,995.7,823.0,54.28476,45.83333
2022-02-05/15:59:37,21.58,995.7,823.0,61.76001,45.83333
2022-02-05/15:59:38,21.58,995.7,823.0,61.76001,46.35417
2022-02-05/15:59:39,21.58,995.7,823.0,61.76001,46.45833
2022-02-05/15:59:40,21.58,995.7,823.0,62.00262,45.72917
2022-02-05/15:59:41,21.58,995.7,823.0,62.00262,45.83333
2022-02-05/15:59:42,21.58,995.7,823.0,62.00262,45.83333
2022-02-05/15:59:43,21.58,995.7,823.0,59.82282,45.72917
2022-02-05/15:59:44,21.58,995.7,823.0,59.82282,45.0
2022-02-05/15:59:46,21.58,995.7,823.0,59.82282,45.625
2022-02-05/15:59:47,21.58,995.7,823.0,60.09372,45.83333
2022-02-05/15:59:48,21.58,995.7,823.0,60.09372,46.35417
2022-02-05/15:59:49,21.58,995.7,823.0,60.09372,46.66666
2022-02-05/15:59:50,21.58,995.7999,821.0,58.54165,45.10417
2022-02-05/15:59:51,21.58,995.7999,821.0,58.54165,45.52083
2022-02-05/15:59:52,21.58,995.7999,821.0,58.54165,45.72917
2022-02-05/15:59:53,21.58,995.7999,821.0,58.95675,45.83333
2022-02-05/15:59:54,21.58,995.7999,821.0,58.95675,45.9375
2022-02-05/15:59:55,21.58,995.7999,821.0,58.95675,45.83333
2022-02-05/15:59:56,21.58,995.7999,821.0,62.45825,46.5625
2022-02-05/15:59:58,21.58,995.7999,821.0,62.45825,46.04167
2022-02-05/15:59:59,21.58,995.7999,821.0,62.45825,45.3125
2022-02-05/16:00:00,21.58,995.7999,821.0,62.3488,45.0
2022-02-05/16:00:01,21.58,995.7999,821.0,62.3488,44.79167
2022-02-05/16:00:02,21.58,995.7999,821.0,62.3488,44.58333
2022-02-05/16:00:03,21.62,995.5999,825.0,51.52641,43.64583
2022-02-05/16:00:04,21.62,995.5999,825.0,51.52641,41.875
2022-02-05/16:00:05,21.62,995.5999,825.0,51.52641,43.33333
2022-02-05/16:00:06,21.62,995.5999,825.0,61.21034,43.02083
2022-02-05/16:00:07,21.62,995.5999,825.0,61.21034,43.4375
2022-02-05/16:00:08,21.62,995.5999,825.0,61.21034,42.60417
2022-02-05/16:00:09,21.62,995.5999,825.0,63.99796,43.22917
2022-02-05/16:00:11,21.62,995.5999,825.0,63.99796,44.6875
2022-02-05/16:00:12,21.62,995.5999,825.0,63.99796,45.625
2022-02-05/16:00:13,21.62,995.5999,825.0,61.90694,46.35417
2022-02-05/16:00:14,21.62,995.5999,825.0,61.90694,44.79167
2022-02-05/16:00:15,21.62,995.5999,825.0,61.90694,42.8125
2022-02-05/16:00:16,21.62,995.5999,825.0,60.15227,35.625
2022-02-05/16:00:17,21.62,995.5999,825.0,60.15227,39.16667
2022-02-05/16:00:18,21.62,995.5999,825.0,60.15227,39.6875
2022-02-05/16:00:19,21.59,995.7,831.0,52.65089,40.52083
2022-02-05/16:00:20,21.59,995.7,831.0,52.65089,44.58333
2022-02-05/16:00:21,21.59,995.7,831.0,52.65089,43.02083