time,tempce,luftdruck,co2,laut,hell
2022-03-26/15:47:50,21.7,1004.0,1254.0,65.0,188.3
2022-03-26/15:47:51,21.7,1004.0,1254.0,65.0,188.3
2022-03-26/15:47:52,21.7,1004.0,1254.0,66.0,188.3
2022-03-26/15:47:53,21.7,1004.0,1254.0,66.0,188.3
2022-03-26/15:47:54,21.8,1004.0,1279.0,55.0,188.3
2022-03-26/15:47:55,21.8,1004.0,1279.0,55.0,188.9
2022-03-26/15:47:56,21.8,1004.0,1279.0,65.0,189.2
2022-03-26/15:47:57,21.8,1004.0,1279.0,65.0,189.2
2022-03-26/15:47:58,21.8,1004.0,1279.0,66.0,189.2
2022-03-26/15:47:59,21.8,1004.0,1279.0,66.0,189.2
2022-03-26/15:48:01,21.8,1004.0,1279.0,65.0,189.2
2022-03-26/15:48:02,21.8,1004.0,1279.0,65.0,189.2
2022-03-26/15:48:03,21.8,1004.0,1279.0,66.0,189.2
2022-03-26/15:48:04,21.8,1004.0,1279.0,66.0,189.2
2022-03-26/15:48:05,21.8,1004.0,1279.0,66.0,189.2
2022-03-26/15:48:06,21.8,1004.0,1279.0,66.0,189.2
2022-03-26/15:48:07,21.8,1004.0,1279.0,65.0,189.2
2022-03-26/15:48:08,21.8,1004.0,1279.0,65.0,189.2
2022-03-26/15:48:09,21.8,1004.0,1288.0,54.0,189.2
2022-03-26/15:48:10,21.8,1004.0,1288.0,54.0,189.2
2022-03-26/15:48:12,21.8,1004.0,1288.0,66.0,189.2
2022-03-26/15:48:13,21.8,1004.0,1288.0,66.0,189.2
2022-03-26/15:48:14,21.8,1004.0,1288.0,65.0,189.2
2022-03-26/15:48:15,21.8,1004.0,1288.0,65.0,188.8
2022-03-26/15:48:16,21.8,1004.0,1288.0,66.0,188.3
2022-03-26/15:48:17,21.8,1004.0,1288.0,66.0,182.8
2022-03-26/15:48:18,21.8,1004.0,1288.0,65.0,141.5
2022-03-26/15:48:19,21.8,1004.0,1288.0,65.0,187.3
2022-03-26/15:48:20,21.8,1004.0,1288.0,64.0,188.4
2022-03-26/15:48:21,21.8,1004.0,1288.0,64.0,187.0
2022-03-26/15:48:22,21.8,1004.0,1288.0,66.0,188.5
2022-03-26/15:48:24,21.8,1004.0,1288.0,66.0,200.2
2022-03-26/15:48:25,21.9,1004.0,1298.0,57.0,201.5
2022-03-26/15:48:26,21.9,1004.0,1298.0,57.0,201.6
2022-03-26/15:48:27,21.9,1004.0,1298.0,63.0,200.2
2022-03-26/15:48:28,21.9,1004.0,1298.0,63.0,199.2
2022-03-26/15:48:29,21.9,1004.0,1298.0,65.0,199.2
2022-03-26/15:48:30,21.9,1004.0,1298.0,65.0,199.2
2022-03-26/15:48:31,21.9,1004.0,1298.0,66.0,198.3
2022-03-26/15:48:32,21.9,1004.0,1298.0,66.0,198.3
2022-03-26/15:48:33,21.9,1004.0,1298.0,55.0,198.3
2022-03-26/15:48:35,21.9,1004.0,1298.0,55.0,198.3
2022-03-26/15:48:36,21.9,1004.0,1298.0,65.0,198.3
2022-03-26/15:48:37,21.9,1004.0,1298.0,65.0,198.3
2022-03-26/15:48:38,21.9,1004.0,1298.0,62.0,198.3
2022-03-26/15:48:39,21.9,1004.0,1298.0,62.0,198.3
2022-03-26/15:48:40,22.0,1004.0,1307.0,54.0,198.3
2022-03-26/15:48:41,22.0,1004.0,1307.0,54.0,198.3
2022-03-26/15:48:42,22.0,1004.0,1307.0,65.0,198.3
2022-03-26/15:48:43,22.0,1004.0,1307.0,65.0,198.3
2022-03-26/15:48:44,22.0,1004.0,1307.0,66.0,198.3
2022-03-26/15:48:45,22.0,1004.0,1307.0,66.0,198.3
2022-03-26/15:48:47,22.0,1004.0,1307.0,66.0,198.3
2022-03-26/15:48:48,22.0,1004.0,1307.0,66.0,198.3
2022-03-26/15:48:49,22.0,1004.0,1307.0,66.0,198.3
2022-03-26/15:48:50,22.0,1004.0,1307.0,66.0,198.3
2022-03-26/15:48:51,22.0,1004.0,1307.0,66.0,198.3
2022-03-26/15:48:52,22.0,1004.0,1307.0,66.0,198.3
2022-03-26/15:48:53,22.0,1004.0,1307.0,64.0,198.3
2022-03-26/15:48:54,22.0,1004.0,1307.0,64.0,198.3
2022-03-26/15:48:55,22.0,1004.0,1308.0,56.0,198.2
2022-03-26/15:48:56,22.0,1004.0,1308.0,56.0,198.3
2022-03-26/15:48:58,22.0,1004.0,1308.0,64.0,198.3
2022-03-26/15:48:59,22.0,1004.0,1308.0,64.0,198.1
2022-03-26/15:49:00,22.0,1004.0,1308.0,65.0,198.3
2022-03-26/15:49:01,22.0,1004.0,1308.0,65.0,197.9
2022-03-26/15:49:02,22.0,1004.0,1308.0,66.0,198.1
2022-03-26/15:49:03,22.0,1004.0,1308.0,66.0,198.0
2022-03-26/15:49:04,22.0,1004.0,1308.0,66.0,197.8
2022-03-26/15:49:05,22.0,1004.0,1308.0,66.0,197.6
2022-03-26/15:49:06,22.0,1004.0,1308.0,64.0,197.5
2022-03-26/15:49:07,22.0,1004.0,1308.0,64.0,198.1
2022-03-26/15:49:08,22.0,1004.0,1290.0,65.0,198.3
2022-03-26/15:49:10,22.0,1004.0,1290.0,65.0,198.3
2022-03-26/15:49:11,22.0,1004.0,1290.0,67.0,198.3
2022-03-26/15:49:12,22.0,1004.0,1290.0,67.0,198.3
2022-03-26/15:49:13,22.0,1004.0,1290.0,64.0,197.1
2022-03-26/15:49:14,22.0,1004.0,1290.0,64.0,195.6
2022-03-26/15:49:15,22.0,1004.0,1290.0,63.0,165.4
2022-03-26/15:49:16,22.0,1004.0,1290.0,63.0,199.1
2022-03-26/15:49:17,22.0,1004.0,1290.0,65.0,198.5
2022-03-26/15:49:18,22.0,1004.0,1290.0,65.0,199.5
2022-03-26/15:49:19,22.0,1004.0,1290.0,66.0,199.4
2022-03-26/15:49:20,22.0,1004.0,1290.0,66.0,199.2
2022-03-26/15:49:22,22.0,1004.0,1290.0,64.0,199.2
2022-03-26/15:49:23,22.0,1004.0,1290.0,64.0,199.2
2022-03-26/15:49:24,22.0,1004.0,1258.0,59.0,199.2
2022-03-26/15:49:25,22.0,1004.0,1258.0,59.0,199.2
2022-03-26/15:49:26,22.0,1004.0,1258.0,60.0,199.2
2022-03-26/15:49:27,22.0,1004.0,1258.0,60.0,199.2
2022-03-26/15:49:28,22.0,1004.0,1258.0,66.0,199.2
2022-03-26/15:49:29,22.0,1004.0,1258.0,66.0,199.2
2022-03-26/15:49:30,22.0,1004.0,1258.0,63.0,199.2
2022-03-26/15:49:31,22.0,1004.0,1258.0,63.0,199.7
2022-03-26/15:49:33,22.0,1004.0,1258.0,65.0,199.2
2022-03-26/15:49:34,22.0,1004.0,1258.0,65.0,199.5
2022-03-26/15:49:35,22.0,1004.0,1258.0,66.0,200.0
2022-03-26/15:49:36,22.0,1004.0,1258.0,66.0,200.0
2022-03-26/15:49:37,22.0,1004.0,1258.0,66.0,200.0
2022-03-26/15:49:38,22.0,1004.0,1258.0,66.0,200.0
2022-03-26/15:49:39,22.0,1004.0,1226.0,57.0,200.0
2022-03-26/15:49:40,22.0,1004.0,1226.0,57.0,200.0
2022-03-26/15:49:41,22.0,1004.0,1226.0,66.0,200.0
2022-03-26/15:49:42,22.0,1004.0,1226.0,66.0,200.0
2022-03-26/15:49:44,22.0,1004.0,1226.0,64.0,199.9
2022-03-26/15:49:45,22.0,1004.0,1226.0,64.0,199.7
2022-03-26/15:49:46,22.0,1004.0,1226.0,65.0,199.8
2022-03-26/15:49:47,22.0,1004.0,1226.0,65.0,199.3
2022-03-26/15:49:48,22.0,1004.0,1226.0,65.0,199.2
2022-03-26/15:49:49,22.0,1004.0,1226.0,65.0,199.2
2022-03-26/15:49:50,22.0,1004.0,1226.0,63.0,198.9
2022-03-26/15:49:51,22.0,1004.0,1226.0,63.0,199.1
2022-03-26/15:49:52,22.0,1004.0,1226.0,66.0,200.0
2022-03-26/15:49:53,22.0,1004.0,1226.0,66.0,199.7
2022-03-26/15:49:54,22.1,1004.0,1190.0,54.0,199.7
2022-03-26/15:49:56,22.1,1004.0,1190.0,54.0,200.0
2022-03-26/15:49:57,22.1,1004.0,1190.0,66.0,200.0
2022-03-26/15:49:58,22.1,1004.0,1190.0,66.0,200.0
2022-03-26/15:49:59,22.1,1004.0,1190.0,64.0,200.0
2022-03-26/15:50:00,22.1,1004.0,1190.0,64.0,200.0
2022-03-26/15:50:01,22.1,1004.0,1190.0,64.0,200.0
2022-03-26/15:50:02,22.1,1004.0,1190.0,64.0,200.0
2022-03-26/15:50:03,22.1,1004.0,1190.0,66.0,199.6
2022-03-26/15:50:04,22.1,1004.0,1190.0,66.0,199.1
2022-03-26/15:50:05,22.1,1004.0,1190.0,66.0,199.1
2022-03-26/15:50:06,22.1,1004.0,1190.0,66.0,199.6
2022-03-26/15:50:08,22.1,1004.0,1190.0,66.0,199.4
2022-03-26/15:50:09,22.1,1004.0,1190.0,66.0,199.4
2022-03-26/15:50:10,22.1,1004.0,1143.0,57.0,199.3
2022-03-26/15:50:11,22.1,1004.0,1143.0,57.0,199.2
2022-03-26/15:50:12,22.1,1004.0,1143.0,66.0,199.2
2022-03-26/15:50:13,22.1,1004.0,1143.0,66.0,199.2
2022-03-26/15:50:14,22.1,1004.0,1143.0,66.0,199.2
2022-03-26/15:50:15,22.1,1004.0,1143.0,66.0,199.8
2022-03-26/15:50:16,22.1,1004.0,1143.0,66.0,199.7
2022-03-26/15:50:17,22.1,1004.0,1143.0,66.0,199.6
2022-03-26/15:50:19,22.1,1004.0,1143.0,65.0,199.7
2022-03-26/15:50:20,22.1,1004.0,1143.0,65.0,199.4
2022-03-26/15:50:21,22.1,1004.0,1143.0,67.0,199.3
2022-03-26/15:50:22,22.1,1004.0,1143.0,67.0,199.2
2022-03-26/15:50:23,22.1,1004.0,1143.0,63.0,199.4
2022-03-26/15:50:24,22.1,1004.0,1143.0,63.0,199.8
2022-03-26/15:50:25,22.2,1004.0,1107.0,56.0,199.6
2022-03-26/15:50:26,22.2,1004.0,1107.0,56.0,198.9
2022-03-26/15:50:27,22.2,1004.0,1107.0,66.0,198.3
2022-03-26/15:50:28,22.2,1004.0,1107.0,66.0,198.3
2022-03-26/15:50:29,22.2,1004.0,1107.0,66.0,198.5
2022-03-26/15:50:31,22.2,1004.0,1107.0,66.0,198.3
2022-03-26/15:50:32,22.2,1004.0,1107.0,66.0,198.2
2022-03-26/15:50:33,22.2,1004.0,1107.0,66.0,199.2
2022-03-26/15:50:34,22.2,1004.0,1107.0,64.0,199.2
2022-03-26/15:50:35,22.2,1004.0,1107.0,64.0,199.2
2022-03-26/15:50:36,22.2,1004.0,1107.0,65.0,199.2
2022-03-26/15:50:37,22.2,1004.0,1107.0,65.0,199.2
2022-03-26/15:50:38,22.2,1004.0,1107.0,65.0,199.2
2022-03-26/15:50:39,22.2,1004.0,1107.0,65.0,199.2
2022-03-26/15:50:40,22.2,1004.0,1086.0,54.0,199.2
2022-03-26/15:50:42,22.2,1004.0,1086.0,54.0,199.2
2022-03-26/15:50:43,22.2,1004.0,1086.0,66.0,199.2
2022-03-26/15:50:44,22.2,1004.0,1086.0,66.0,199.2
2022-03-26/15:50:45,22.2,1004.0,1086.0,65.0,199.2
2022-03-26/15:50:46,22.2,1004.0,1086.0,65.0,199.1
2022-03-26/15:50:47,22.2,1004.0,1086.0,66.0,199.2
2022-03-26/15:50:48,22.2,1004.0,1086.0,66.0,199.6
2022-03-26/15:50:49,22.2,1004.0,1086.0,66.0,198.9
2022-03-26/15:50:50,22.2,1004.0,1086.0,66.0,199.0
2022-03-26/15:50:51,22.2,1004.0,1086.0,66.0,196.7
2022-03-26/15:50:52,22.2,1004.0,1086.0,66.0,197.6
2022-03-26/15:50:54,22.2,1004.0,1098.0,63.0,199.1
2022-03-26/15:50:55,22.2,1004.0,1098.0,63.0,192.4
2022-03-26/15:50:56,22.2,1004.0,1098.0,52.0,194.9
2022-03-26/15:50:57,22.2,1004.0,1098.0,52.0,196.8
2022-03-26/15:50:58,22.2,1004.0,1098.0,64.0,196.7
2022-03-26/15:50:59,22.2,1004.0,1098.0,64.0,196.7
2022-03-26/15:51:00,22.2,1004.0,1098.0,61.0,196.7
2022-03-26/15:51:01,22.2,1004.0,1098.0,61.0,197.4
2022-03-26/15:51:02,22.2,1004.0,1098.0,62.0,196.0
2022-03-26/15:51:03,22.2,1004.0,1098.0,62.0,109.4
2022-03-26/15:51:05,22.2,1004.0,1098.0,66.0,127.9
2022-03-26/15:51:06,22.2,1004.0,1098.0,66.0,156.9
2022-03-26/15:51:07,22.2,1004.0,1098.0,64.0,156.0
2022-03-26/15:51:08,22.2,1004.0,1098.0,64.0,164.3
2022-03-26/15:51:09,22.2,1004.0,1109.0,59.0,158.9
2022-03-26/15:51:10,22.2,1004.0,1109.0,59.0,162.1
2022-03-26/15:51:11,22.2,1004.0,1109.0,63.0,166.4
2022-03-26/15:51:12,22.2,1004.0,1109.0,63.0,155.6
2022-03-26/15:51:13,22.2,1004.0,1109.0,65.0,158.4
2022-03-26/15:51:14,22.2,1004.0,1109.0,65.0,152.6
2022-03-26/15:51:15,22.2,1004.0,1109.0,65.0,150.2
2022-03-26/15:51:17,22.2,1004.0,1109.0,65.0,158.2
2022-03-26/15:51:18,22.2,1004.0,1109.0,66.0,189.5
2022-03-26/15:51:19,22.2,1004.0,1109.0,66.0,196.1
2022-03-26/15:51:20,22.2,1004.0,1109.0,65.0,197.0
2022-03-26/15:51:21,22.2,1004.0,1109.0,65.0,198.5
2022-03-26/15:51:22,22.2,1004.0,1109.0,64.0,199.2
2022-03-26/15:51:23,22.2,1004.0,1109.0,64.0,199.2
2022-03-26/15:51:24,22.2,1004.0,1113.0,54.0,199.2
2022-03-26/15:51:25,22.2,1004.0,1113.0,54.0,199.2
2022-03-26/15:51:26,22.2,1004.0,1113.0,66.0,199.2
2022-03-26/15:51:28,22.2,1004.0,1113.0,66.0,199.2
2022-03-26/15:51:29,22.2,1004.0,1113.0,64.0,199.2
2022-03-26/15:51:30,22.2,1004.0,1113.0,64.0,199.2
2022-03-26/15:51:31,22.2,1004.0,1113.0,66.0,199.2
2022-03-26/15:51:32,22.2,1004.0,1113.0,66.0,199.2
2022-03-26/15:51:33,22.2,1004.0,1113.0,65.0,199.2
2022-03-26/15:51:34,22.2,1004.0,1113.0,65.0,199.2
2022-03-26/15:51:35,22.2,1004.0,1113.0,65.0,199.2
2022-03-26/15:51:36,22.2,1004.0,1113.0,65.0,199.2
2022-03-26/15:51:37,22.2,1004.0,1113.0,65.0,199.2
2022-03-26/15:51:38,22.2,1004.0,1113.0,65.0,199.2
2022-03-26/15:51:40,22.3,1004.0,1105.0,57.0,198.9
2022-03-26/15:51:41,22.3,1004.0,1105.0,57.0,197.8
2022-03-26/15:51:42,22.3,1004.0,1105.0,63.0,191.4
2022-03-26/15:51:43,22.3,1004.0,1105.0,63.0,187.4
2022-03-26/15:51:44,22.3,1004.0,1105.0,62.0,189.1
2022-03-26/15:51:45,22.3,1004.0,1105.0,62.0,192.8
2022-03-26/15:51:46,22.3,1004.0,1105.0,64.0,196.7
2022-03-26/15:51:47,22.3,1004.0,1105.0,64.0,201.1
2022-03-26/15:51:48,22.3,1004.0,1105.0,63.0,201.7
2022-03-26/15:51:49,22.3,1004.0,1105.0,63.0,201.7
2022-03-26/15:51:51,22.3,1004.0,1105.0,64.0,201.7
2022-03-26/15:51:52,22.3,1004.0,1105.0,64.0,201.6
2022-03-26/15:51:53,22.3,1004.0,1105.0,68.0,200.2
2022-03-26/15:51:54,22.3,1004.0,1105.0,68.0,200.0
2022-03-26/15:51:55,22.3,1004.0,1083.0,57.0,200.0
2022-03-26/15:51:56,22.3,1004.0,1083.0,57.0,200.5
2022-03-26/15:51:57,22.3,1004.0,1083.0,64.0,200.5
2022-03-26/15:51:58,22.3,1004.0,1083.0,64.0,200.6
2022-03-26/15:51:59,22.3,1004.0,1083.0,66.0,200.5
2022-03-26/15:52:00,22.3,1004.0,1083.0,66.0,200.5
2022-03-26/15:52:01,22.3,1004.0,1083.0,66.0,200.6
2022-03-26/15:52:03,22.3,1004.0,1083.0,66.0,200.5
2022-03-26/15:52:04,22.3,1004.0,1083.0,67.0,200.7
2022-03-26/15:52:05,22.3,1004.0,1083.0,67.0,200.4
2022-03-26/15:52:06,22.3,1004.0,1083.0,68.0,198.7
2022-03-26/15:52:07,22.3,1004.0,1083.0,68.0,200.0
2022-03-26/15:52:08,22.3,1004.0,1083.0,65.0,200.0
2022-03-26/15:52:09,22.3,1004.0,1083.0,65.0,200.0
2022-03-26/15:52:10,22.3,1004.0,1066.0,55.0,200.0
2022-03-26/15:52:11,22.3,1004.0,1066.0,55.0,200.0
2022-03-26/15:52:12,22.3,1004.0,1066.0,66.0,200.0
2022-03-26/15:52:14,22.3,1004.0,1066.0,66.0,200.0
2022-03-26/15:52:15,22.3,1004.0,1066.0,66.0,200.0
2022-03-26/15:52:16,22.3,1004.0,1066.0,66.0,200.0
2022-03-26/15:52:17,22.3,1004.0,1066.0,66.0,200.0
2022-03-26/15:52:18,22.3,1004.0,1066.0,66.0,200.0
2022-03-26/15:52:19,22.3,1004.0,1066.0,66.0,200.0
2022-03-26/15:52:20,22.3,1004.0,1066.0,66.0,200.0
2022-03-26/15:52:21,22.3,1004.0,1066.0,66.0,200.0
2022-03-26/15:52:22,22.3,1004.0,1066.0,66.0,200.0
2022-03-26/15:52:23,22.3,1004.0,1066.0,61.0,200.0
2022-03-26/15:52:24,22.3,1004.0,1066.0,61.0,200.0
2022-03-26/15:52:26,22.3,1004.0,1040.0,62.0,200.0
2022-03-26/15:52:27,22.3,1004.0,1040.0,62.0,200.0
2022-03-26/15:52:28,22.3,1004.0,1040.0,66.0,200.0
2022-03-26/15:52:29,22.3,1004.0,1040.0,66.0,200.0
2022-03-26/15:52:30,22.3,1004.0,1040.0,66.0,200.0
2022-03-26/15:52:31,22.3,1004.0,1040.0,66.0,200.0
2022-03-26/15:52:32,22.3,1004.0,1040.0,67.0,200.0
2022-03-26/15:52:33,22.3,1004.0,1040.0,67.0,200.0
2022-03-26/15:52:34,22.3,1004.0,1040.0,66.0,200.0
2022-03-26/15:52:35,22.3,1004.0,1040.0,66.0,200.0
2022-03-26/15:52:37,22.3,1004.0,1040.0,65.0,200.0
2022-03-26/15:52:38,22.3,1004.0,1040.0,65.0,200.0
2022-03-26/15:52:39,22.3,1004.0,1012.0,63.0,200.0
2022-03-26/15:52:40,22.3,1004.0,1012.0,63.0,200.0
2022-03-26/15:52:41,22.3,1004.0,1012.0,58.0,200.0
2022-03-26/15:52:42,22.3,1004.0,1012.0,58.0,200.0
2022-03-26/15:52:43,22.3,1004.0,1012.0,65.0,200.0
2022-03-26/15:52:44,22.3,1004.0,1012.0,65.0,200.0
2022-03-26/15:52:45,22.3,1004.0,1012.0,65.0,200.0
2022-03-26/15:52:46,22.3,1004.0,1012.0,65.0,200.0
2022-03-26/15:52:47,22.3,1004.0,1012.0,66.0,200.0
2022-03-26/15:52:49,22.3,1004.0,1012.0,66.0,200.0
2022-03-26/15:52:50,22.3,1004.0,1012.0,66.0,200.0
2022-03-26/15:52:51,22.3,1004.0,1012.0,66.0,200.0
2022-03-26/15:52:52,22.3,1004.0,1012.0,66.0,200.0
2022-03-26/15:52:53,22.3,1004.0,1012.0,66.0,200.0
2022-03-26/15:52:54,22.3,1004.0,983.0,54.0,200.0
2022-03-26/15:52:55,22.3,1004.0,983.0,54.0,200.0
2022-03-26/15:52:56,22.3,1004.0,983.0,65.0,200.0
2022-03-26/15:52:57,22.3,1004.0,983.0,65.0,200.0
2022-03-26/15:52:58,22.3,1004.0,983.0,65.0,200.0
2022-03-26/15:52:59,22.3,1004.0,983.0,65.0,200.0
2022-03-26/15:53:01,22.3,1004.0,983.0,66.0,200.0
2022-03-26/15:53:02,22.3,1004.0,983.0,66.0,200.0
2022-03-26/15:53:03,22.3,1004.0,983.0,66.0,200.0
2022-03-26/15:53:04,22.3,1004.0,983.0,66.0,200.0
2022-03-26/15:53:05,22.3,1004.0,983.0,66.0,200.0
2022-03-26/15:53:06,22.3,1004.0,983.0,66.0,200.0
2022-03-26/15:53:07,22.3,1004.0,983.0,65.0,200.0
2022-03-26/15:53:08,22.3,1004.0,983.0,65.0,200.0
2022-03-26/15:53:09,22.3,1004.0,949.0,54.0,200.0
2022-03-26/15:53:10,22.3,1004.0,949.0,54.0,200.0
2022-03-26/15:53:12,22.3,1004.0,949.0,65.0,199.6
2022-03-26/15:53:13,22.3,1004.0,949.0,65.0,199.0
2022-03-26/15:53:14,22.3,1004.0,949.0,66.0,199.2
2022-03-26/15:53:15,22.3,1004.0,949.0,66.0,199.5
2022-03-26/15:53:16,22.3,1004.0,949.0,65.0,199.9
2022-03-26/15:53:17,22.3,1004.0,949.0,65.0,200.8
2022-03-26/15:53:18,22.3,1004.0,949.0,66.0,200.8
2022-03-26/15:53:19,22.3,1004.0,949.0,66.0,200.8
2022-03-26/15:53:20,22.3,1004.0,949.0,68.0,200.8
2022-03-26/15:53:21,22.3,1004.0,949.0,68.0,200.8
2022-03-26/15:53:22,22.3,1004.0,949.0,68.0,201.0
2022-03-26/15:53:24,22.3,1004.0,949.0,68.0,200.8
2022-03-26/15:53:25,22.3,1004.0,915.0,53.0,199.9
2022-03-26/15:53:26,22.3,1004.0,915.0,53.0,199.2
2022-03-26/15:53:27,22.3,1004.0,915.0,65.0,199.2
2022-03-26/15:53:28,22.3,1004.0,915.0,65.0,199.2
2022-03-26/15:53:29,22.3,1004.0,915.0,65.0,198.8
2022-03-26/15:53:30,22.3,1004.0,915.0,65.0,199.7
2022-03-26/15:53:31,22.3,1004.0,915.0,64.0,200.0
2022-03-26/15:53:32,22.3,1004.0,915.0,64.0,201.0
2022-03-26/15:53:33,22.3,1004.0,915.0,64.0,201.5
2022-03-26/15:53:35,22.3,1004.0,915.0,64.0,200.8
2022-03-26/15:53:36,22.3,1004.0,915.0,67.0,198.5
2022-03-26/15:53:37,22.3,1004.0,915.0,67.0,188.9
2022-03-26/15:53:38,22.3,1004.0,915.0,61.0,185.1
2022-03-26/15:53:39,22.3,1004.0,915.0,61.0,187.0
2022-03-26/15:53:40,22.3,1004.0,886.0,57.0,188.2
2022-03-26/15:53:41,22.3,1004.0,886.0,57.0,188.3
2022-03-26/15:53:42,22.3,1004.0,886.0,62.0,188.3
2022-03-26/15:53:43,22.3,1004.0,886.0,62.0,188.3
2022-03-26/15:53:44,22.3,1004.0,886.0,66.0,188.3
2022-03-26/15:53:45,22.3,1004.0,886.0,66.0,188.3
2022-03-26/15:53:47,22.3,1004.0,886.0,66.0,188.3
2022-03-26/15:53:48,22.3,1004.0,886.0,66.0,188.3
2022-03-26/15:53:49,22.3,1004.0,886.0,66.0,188.3
2022-03-26/15:53:50,22.3,1004.0,886.0,66.0,188.3
2022-03-26/15:53:51,22.3,1004.0,886.0,66.0,188.3
2022-03-26/15:53:52,22.3,1004.0,886.0,66.0,187.1
2022-03-26/15:53:53,22.3,1004.0,886.0,64.0,186.7
2022-03-26/15:53:54,22.3,1004.0,886.0,64.0,186.1
2022-03-26/15:53:55,22.3,1004.0,863.0,58.0,186.9
2022-03-26/15:53:56,22.3,1004.0,863.0,58.0,188.1
2022-03-26/15:53:58,22.3,1004.0,863.0,66.0,188.2
2022-03-26/15:53:59,22.3,1004.0,863.0,66.0,188.3
2022-03-26/15:54:00,22.3,1004.0,863.0,66.0,188.0
2022-03-26/15:54:01,22.3,1004.0,863.0,66.0,186.9
2022-03-26/15:54:02,22.3,1004.0,863.0,65.0,184.4
2022-03-26/15:54:03,22.3,1004.0,863.0,65.0,185.1
2022-03-26/15:54:04,22.3,1004.0,863.0,59.0,187.5
2022-03-26/15:54:05,22.3,1004.0,863.0,59.0,187.5
2022-03-26/15:54:06,22.3,1004.0,863.0,65.0,187.5
2022-03-26/15:54:07,22.3,1004.0,863.0,65.0,187.8
2022-03-26/15:54:08,22.3,1004.0,863.0,61.0,187.8
2022-03-26/15:54:10,22.3,1004.0,863.0,61.0,187.7
2022-03-26/15:54:11,22.3,1004.0,855.0,60.0,187.7
2022-03-26/15:54:12,22.3,1004.0,855.0,60.0,187.9
2022-03-26/15:54:13,22.3,1004.0,855.0,57.0,188.1
2022-03-26/15:54:14,22.3,1004.0,855.0,57.0,188.0
2022-03-26/15:54:15,22.3,1004.0,855.0,65.0,187.9
2022-03-26/15:54:16,22.3,1004.0,855.0,65.0,187.9
2022-03-26/15:54:17,22.3,1004.0,855.0,66.0,188.2
2022-03-26/15:54:18,22.3,1004.0,855.0,66.0,188.3
2022-03-26/15:54:19,22.3,1004.0,855.0,66.0,188.1
2022-03-26/15:54:21,22.3,1004.0,855.0,66.0,188.2
2022-03-26/15:54:22,22.3,1004.0,855.0,66.0,188.3
2022-03-26/15:54:23,22.3,1004.0,855.0,66.0,188.3
2022-03-26/15:54:24,22.4,1004.0,856.0,63.0,188.3
2022-03-26/15:54:25,22.4,1004.0,856.0,63.0,188.2
2022-03-26/15:54:26,22.4,1004.0,856.0,60.0,187.5
2022-03-26/15:54:27,22.4,1004.0,856.0,60.0,187.5
2022-03-26/15:54:28,22.4,1004.0,856.0,66.0,187.5
2022-03-26/15:54:29,22.4,1004.0,856.0,66.0,187.6
2022-03-26/15:54:30,22.4,1004.0,856.0,66.0,187.5
2022-03-26/15:54:31,22.4,1004.0,856.0,66.0,187.5
2022-03-26/15:54:33,22.4,1004.0,856.0,66.0,187.5
2022-03-26/15:54:34,22.4,1004.0,856.0,66.0,187.5
2022-03-26/15:54:35,22.4,1004.0,856.0,66.0,187.4
2022-03-26/15:54:36,22.4,1004.0,856.0,66.0,187.5
2022-03-26/15:54:37,22.4,1004.0,856.0,65.0,187.5
2022-03-26/15:54:38,22.4,1004.0,856.0,65.0,186.0
2022-03-26/15:54:39,22.4,1004.0,862.0,57.0,185.0
2022-03-26/15:54:40,22.4,1004.0,862.0,57.0,185.0
2022-03-26/15:54:41,22.4,1004.0,862.0,62.0,186.8
2022-03-26/15:54:42,22.4,1004.0,862.0,62.0,187.5
2022-03-26/15:54:44,22.4,1004.0,862.0,65.0,187.5
2022-03-26/15:54:45,22.4,1004.0,862.0,65.0,187.5
2022-03-26/15:54:46,22.4,1004.0,862.0,66.0,187.5
2022-03-26/15:54:47,22.4,1004.0,862.0,66.0,187.5
2022-03-26/15:54:48,22.4,1004.0,862.0,66.0,185.7
2022-03-26/15:54:49,22.4,1004.0,862.0,66.0,184.3
2022-03-26/15:54:50,22.4,1004.0,862.0,67.0,183.3
2022-03-26/15:54:51,22.4,1004.0,862.0,67.0,183.3
2022-03-26/15:54:52,22.4,1004.0,862.0,64.0,183.0
2022-03-26/15:54:53,22.4,1004.0,862.0,64.0,182.5
2022-03-26/15:54:54,22.5,1004.0,870.0,43.0,183.1
2022-03-26/15:54:56,22.5,1004.0,870.0,43.0,184.3
2022-03-26/15:54:57,22.5,1004.0,870.0,60.0,184.9
2022-03-26/15:54:58,22.5,1004.0,870.0,60.0,185.0
2022-03-26/15:54:59,22.5,1004.0,870.0,62.0,185.0
2022-03-26/15:55:00,22.5,1004.0,870.0,62.0,185.0
2022-03-26/15:55:01,22.5,1004.0,870.0,68.0,185.0
2022-03-26/15:55:02,22.5,1004.0,870.0,68.0,184.9
2022-03-26/15:55:03,22.5,1004.0,870.0,66.0,185.0
2022-03-26/15:55:04,22.5,1004.0,870.0,66.0,185.0
2022-03-26/15:55:05,22.5,1004.0,870.0,66.0,185.0
2022-03-26/15:55:07,22.5,1004.0,870.0,66.0,185.0
2022-03-26/15:55:08,22.5,1004.0,870.0,66.0,185.0
2022-03-26/15:55:09,22.5,1004.0,870.0,66.0,185.0
2022-03-26/15:55:10,22.5,1004.0,877.0,57.0,185.0
2022-03-26/15:55:11,22.5,1004.0,877.0,57.0,185.0
2022-03-26/15:55:12,22.5,1004.0,877.0,66.0,185.0
2022-03-26/15:55:13,22.5,1004.0,877.0,66.0,184.8
2022-03-26/15:55:14,22.5,1004.0,877.0,66.0,185.0
2022-03-26/15:55:15,22.5,1004.0,877.0,66.0,185.0
2022-03-26/15:55:16,22.5,1004.0,877.0,66.0,184.9
2022-03-26/15:55:17,22.5,1004.0,877.0,66.0,184.8
2022-03-26/15:55:19,22.5,1004.0,877.0,66.0,185.0
2022-03-26/15:55:20,22.5,1004.0,877.0,66.0,185.0
2022-03-26/15:55:21,22.5,1004.0,877.0,66.0,185.0
2022-03-26/15:55:22,22.5,1004.0,877.0,66.0,185.0
2022-03-26/15:55:23,22.5,1004.0,877.0,66.0,185.0
2022-03-26/15:55:24,22.5,1004.0,877.0,66.0,185.0
2022-03-26/15:55:25,22.5,1004.0,877.0,55.0,184.9
2022-03-26/15:55:26,22.5,1004.0,877.0,55.0,185.0
2022-03-26/15:55:27,22.5,1004.0,877.0,66.0,184.9
2022-03-26/15:55:28,22.5,1004.0,877.0,66.0,185.0
2022-03-26/15:55:30,22.5,1004.0,877.0,66.0,185.0
2022-03-26/15:55:31,22.5,1004.0,877.0,66.0,184.9
2022-03-26/15:55:32,22.5,1004.0,877.0,63.0,184.9
2022-03-26/15:55:33,22.5,1004.0,877.0,63.0,183.2
2022-03-26/15:55:34,22.5,1004.0,877.0,69.0,182.1
2022-03-26/15:55:35,22.5,1004.0,877.0,69.0,182.9
2022-03-26/15:55:36,22.5,1004.0,877.0,58.0,182.4
2022-03-26/15:55:37,22.5,1004.0,877.0,58.0,183.3
2022-03-26/15:55:38,22.5,1004.0,877.0,48.0,182.7
2022-03-26/15:55:39,22.5,1004.0,877.0,48.0,182.0
2022-03-26/15:55:40,22.6,1004.0,872.0,58.0,182.5
2022-03-26/15:55:42,22.6,1004.0,872.0,58.0,182.5
2022-03-26/15:55:43,22.6,1004.0,872.0,66.0,182.6
2022-03-26/15:55:44,22.6,1004.0,872.0,66.0,183.3
2022-03-26/15:55:45,22.6,1004.0,872.0,65.0,186.4
2022-03-26/15:55:46,22.6,1004.0,872.0,65.0,186.7
2022-03-26/15:55:47,22.6,1004.0,872.0,55.0,187.8
2022-03-26/15:55:48,22.6,1004.0,872.0,55.0,187.7
2022-03-26/15:55:49,22.6,1004.0,872.0,69.0,188.2
2022-03-26/15:55:50,22.6,1004.0,872.0,69.0,188.3
2022-03-26/15:55:51,22.6,1004.0,872.0,67.0,188.3
2022-03-26/15:55:52,22.6,1004.0,872.0,67.0,188.3
2022-03-26/15:55:54,22.6,1004.0,873.0,62.0,188.3
2022-03-26/15:55:55,22.6,1004.0,873.0,62.0,188.3
2022-03-26/15:55:56,22.6,1004.0,873.0,58.0,188.3
2022-03-26/15:55:57,22.6,1004.0,873.0,58.0,188.3
2022-03-26/15:55:58,22.6,1004.0,873.0,66.0,188.3
2022-03-26/15:55:59,22.6,1004.0,873.0,66.0,188.3
2022-03-26/15:56:00,22.6,1004.0,873.0,66.0,188.3
2022-03-26/15:56:01,22.6,1004.0,873.0,66.0,188.3
2022-03-26/15:56:02,22.6,1004.0,873.0,66.0,188.3
2022-03-26/15:56:03,22.6,1004.0,873.0,66.0,188.3
2022-03-26/15:56:05,22.6,1004.0,873.0,65.0,188.3
2022-03-26/15:56:06,22.6,1004.0,873.0,65.0,188.3
2022-03-26/15:56:07,22.6,1004.0,873.0,66.0,188.3
2022-03-26/15:56:08,22.6,1004.0,873.0,66.0,188.3
2022-03-26/15:56:09,22.6,1004.0,867.0,60.0,187.5
2022-03-26/15:56:10,22.6,1004.0,867.0,60.0,184.9
2022-03-26/15:56:11,22.6,1004.0,867.0,64.0,186.6
2022-03-26/15:56:12,22.6,1004.0,867.0,64.0,186.4
2022-03-26/15:56:13,22.6,1004.0,867.0,63.0,185.8
2022-03-26/15:56:14,22.6,1004.0,867.0,63.0,185.8
2022-03-26/15:56:15,22.6,1004.0,867.0,66.0,185.8
2022-03-26/15:56:17,22.6,1004.0,867.0,66.0,186.1
2022-03-26/15:56:18,22.6,1004.0,867.0,63.0,186.6
2022-03-26/15:56:19,22.6,1004.0,867.0,63.0,186.4
2022-03-26/15:56:20,22.6,1004.0,867.0,64.0,186.5
2022-03-26/15:56:21,22.6,1004.0,867.0,64.0,186.6
2022-03-26/15:56:22,22.6,1004.0,867.0,64.0,187.9
2022-03-26/15:56:23,22.6,1004.0,867.0,64.0,188.3
2022-03-26/15:56:24,22.6,1004.0,857.0,52.0,188.3
2022-03-26/15:56:25,22.6,1004.0,857.0,52.0,188.3
2022-03-26/15:56:26,22.6,1004.0,857.0,66.0,188.4
2022-03-26/15:56:28,22.6,1004.0,857.0,66.0,188.4
2022-03-26/15:56:29,22.6,1004.0,857.0,66.0,188.5
2022-03-26/15:56:30,22.6,1004.0,857.0,66.0,188.4
2022-03-26/15:56:31,22.6,1004.0,857.0,66.0,188.5
2022-03-26/15:56:32,22.6,1004.0,857.0,66.0,188.9
2022-03-26/15:56:33,22.6,1004.0,857.0,66.0,188.6
2022-03-26/15:56:34,22.6,1004.0,857.0,66.0,188.9
2022-03-26/15:56:35,22.6,1004.0,857.0,66.0,188.6
2022-03-26/15:56:36,22.6,1004.0,857.0,66.0,189.0
2022-03-26/15:56:37,22.6,1004.0,857.0,66.0,188.4
2022-03-26/15:56:38,22.6,1004.0,857.0,66.0,188.3
2022-03-26/15:56:40,22.6,1004.0,874.0,57.0,187.5
2022-03-26/15:56:41,22.6,1004.0,874.0,57.0,185.1
2022-03-26/15:56:42,22.6,1004.0,874.0,55.0,184.3
2022-03-26/15:56:43,22.6,1004.0,874.0,55.0,184.2
2022-03-26/15:56:44,22.6,1004.0,874.0,61.0,184.2
2022-03-26/15:56:45,22.6,1004.0,874.0,61.0,184.2
2022-03-26/15:56:46,22.6,1004.0,874.0,66.0,184.2
2022-03-26/15:56:47,22.6,1004.0,874.0,66.0,184.2
2022-03-26/15:56:48,22.6,1004.0,874.0,66.0,184.3
2022-03-26/15:56:49,22.6,1004.0,874.0,66.0,184.2
2022-03-26/15:56:51,22.6,1004.0,874.0,66.0,184.2
2022-03-26/15:56:52,22.6,1004.0,874.0,66.0,184.3
2022-03-26/15:56:53,22.6,1004.0,874.0,66.0,184.2
2022-03-26/15:56:54,22.6,1004.0,874.0,66.0,184.2
2022-03-26/15:56:55,22.6,1004.0,899.0,55.0,185.1
2022-03-26/15:56:56,22.6,1004.0,899.0,55.0,186.7
2022-03-26/15:56:57,22.6,1004.0,899.0,62.0,186.5
2022-03-26/15:56:58,22.6,1004.0,899.0,62.0,187.9
2022-03-26/15:56:59,22.6,1004.0,899.0,66.0,187.4
2022-03-26/15:57:00,22.6,1004.0,899.0,66.0,188.9
2022-03-26/15:57:01,22.6,1004.0,899.0,67.0,189.0
2022-03-26/15:57:03,22.6,1004.0,899.0,67.0,189.0
2022-03-26/15:57:04,22.6,1004.0,899.0,66.0,189.1
2022-03-26/15:57:05,22.6,1004.0,899.0,66.0,189.0
2022-03-26/15:57:06,22.6,1004.0,899.0,65.0,189.0
2022-03-26/15:57:07,22.6,1004.0,899.0,65.0,188.8
2022-03-26/15:57:08,22.6,1004.0,899.0,66.0,188.6
2022-03-26/15:57:09,22.6,1004.0,899.0,66.0,189.2
2022-03-26/15:57:10,22.7,1004.0,922.0,57.0,189.1
2022-03-26/15:57:11,22.7,1004.0,922.0,57.0,189.2
2022-03-26/15:57:12,22.7,1004.0,922.0,66.0,189.2
2022-03-26/15:57:14,22.7,1004.0,922.0,66.0,189.2
2022-03-26/15:57:15,22.7,1004.0,922.0,66.0,189.2
2022-03-26/15:57:16,22.7,1004.0,922.0,66.0,188.3
2022-03-26/15:57:17,22.7,1004.0,922.0,66.0,187.6
2022-03-26/15:57:18,22.7,1004.0,922.0,66.0,186.7
2022-03-26/15:57:19,22.7,1004.0,922.0,60.0,185.8
2022-03-26/15:57:20,22.7,1004.0,922.0,60.0,185.8
2022-03-26/15:57:21,22.7,1004.0,922.0,66.0,185.8
2022-03-26/15:57:22,22.7,1004.0,922.0,66.0,185.8
2022-03-26/15:57:23,22.7,1004.0,922.0,66.0,185.8
2022-03-26/15:57:24,22.7,1004.0,922.0,66.0,185.8
2022-03-26/15:57:26,22.7,1004.0,942.0,54.0,185.8
2022-03-26/15:57:27,22.7,1004.0,942.0,54.0,185.8
2022-03-26/15:57:28,22.7,1004.0,942.0,65.0,185.8
2022-03-26/15:57:29,22.7,1004.0,942.0,65.0,184.8
2022-03-26/15:57:30,22.7,1004.0,942.0,65.0,185.0
2022-03-26/15:57:31,22.7,1004.0,942.0,65.0,185.0
2022-03-26/15:57:32,22.7,1004.0,942.0,66.0,184.4
2022-03-26/15:57:33,22.7,1004.0,942.0,66.0,184.9
2022-03-26/15:57:34,22.7,1004.0,942.0,61.0,186.7
2022-03-26/15:57:35,22.7,1004.0,942.0,61.0,187.5
2022-03-26/15:57:37,22.7,1004.0,942.0,61.0,187.8
2022-03-26/15:57:38,22.7,1004.0,942.0,61.0,189.4
2022-03-26/15:57:39,22.8,1004.0,955.0,57.0,189.2
2022-03-26/15:57:40,22.8,1004.0,955.0,57.0,189.2
2022-03-26/15:57:41,22.8,1004.0,955.0,59.0,189.2
2022-03-26/15:57:42,22.8,1004.0,955.0,59.0,189.2
2022-03-26/15:57:43,22.8,1004.0,955.0,65.0,189.2
2022-03-26/15:57:44,22.8,1004.0,955.0,65.0,189.2
2022-03-26/15:57:45,22.8,1004.0,955.0,65.0,189.2
2022-03-26/15:57:46,22.8,1004.0,955.0,65.0,189.2
2022-03-26/15:57:47,22.8,1004.0,955.0,66.0,189.2
2022-03-26/15:57:49,22.8,1004.0,955.0,66.0,189.2
2022-03-26/15:57:50,22.8,1004.0,955.0,66.0,189.2
2022-03-26/15:57:51,22.8,1004.0,955.0,66.0,189.2
2022-03-26/15:57:52,22.8,1004.0,955.0,66.0,189.2
2022-03-26/15:57:53,22.8,1004.0,955.0,66.0,189.2
2022-03-26/15:57:54,22.8,1004.0,974.0,59.0,189.2
2022-03-26/15:57:55,22.8,1004.0,974.0,59.0,188.9
2022-03-26/15:57:56,22.8,1004.0,974.0,64.0,187.3
2022-03-26/15:57:57,22.8,1004.0,974.0,64.0,185.7
2022-03-26/15:57:58,22.8,1004.0,974.0,63.0,184.4
2022-03-26/15:57:59,22.8,1004.0,974.0,63.0,184.9
2022-03-26/15:58:01,22.8,1004.0,974.0,66.0,184.3
2022-03-26/15:58:02,22.8,1004.0,974.0,66.0,184.2
2022-03-26/15:58:03,22.8,1004.0,974.0,66.0,184.0
2022-03-26/15:58:04,22.8,1004.0,974.0,66.0,186.9
2022-03-26/15:58:05,22.8,1004.0,974.0,65.0,188.3
2022-03-26/15:58:06,22.8,1004.0,974.0,65.0,188.1
2022-03-26/15:58:07,22.8,1004.0,974.0,58.0,187.9
2022-03-26/15:58:08,22.8,1004.0,974.0,58.0,188.3
2022-03-26/15:58:09,22.8,1004.0,975.0,53.0,188.3
2022-03-26/15:58:10,22.8,1004.0,975.0,53.0,188.3
2022-03-26/15:58:12,22.8,1004.0,975.0,61.0,188.3
2022-03-26/15:58:13,22.8,1004.0,975.0,61.0,188.3
2022-03-26/15:58:14,22.8,1004.0,975.0,67.0,188.3
2022-03-26/15:58:15,22.8,1004.0,975.0,67.0,188.3
2022-03-26/15:58:16,22.8,1004.0,975.0,66.0,188.3
2022-03-26/15:58:17,22.8,1004.0,975.0,66.0,188.3
2022-03-26/15:58:18,22.8,1004.0,975.0,65.0,188.3
2022-03-26/15:58:19,22.8,1004.0,975.0,65.0,188.3
2022-03-26/15:58:20,22.8,1004.0,975.0,63.0,188.3
2022-03-26/15:58:21,22.8,1004.0,975.0,63.0,188.3
2022-03-26/15:58:22,22.8,1004.0,975.0,66.0,188.3
2022-03-26/15:58:24,22.8,1004.0,975.0,66.0,188.3
2022-03-26/15:58:25,22.8,1004.0,975.0,57.0,188.3
2022-03-26/15:58:26,22.8,1004.0,975.0,57.0,188.3
2022-03-26/15:58:27,22.8,1004.0,975.0,66.0,188.3
2022-03-26/15:58:28,22.8,1004.0,975.0,66.0,188.3
2022-03-26/15:58:29,22.8,1004.0,975.0,66.0,188.3
2022-03-26/15:58:30,22.8,1004.0,975.0,66.0,188.3
2022-03-26/15:58:31,22.8,1004.0,975.0,66.0,188.3
2022-03-26/15:58:32,22.8,1004.0,975.0,66.0,188.3
2022-03-26/15:58:33,22.8,1004.0,975.0,66.0,188.3
2022-03-26/15:58:35,22.8,1004.0,975.0,66.0,188.3
2022-03-26/15:58:36,22.8,1004.0,975.0,66.0,188.3
2022-03-26/15:58:37,22.8,1004.0,975.0,66.0,188.3
2022-03-26/15:58:38,22.8,1004.0,975.0,66.0,188.3
2022-03-26/15:58:39,22.8,1004.0,975.0,66.0,188.3
2022-03-26/15:58:40,22.9,1004.0,961.0,55.0,188.3
2022-03-26/15:58:41,22.9,1004.0,961.0,55.0,187.1
2022-03-26/15:58:42,22.9,1004.0,961.0,66.0,188.3
2022-03-26/15:58:43,22.9,1004.0,961.0,66.0,188.3
2022-03-26/15:58:44,22.9,1004.0,961.0,66.0,188.3
2022-03-26/15:58:45,22.9,1004.0,961.0,66.0,188.4
2022-03-26/15:58:47,22.9,1004.0,961.0,66.0,188.3
2022-03-26/15:58:48,22.9,1004.0,961.0,66.0,188.4
2022-03-26/15:58:49,22.9,1004.0,961.0,66.0,188.3
2022-03-26/15:58:50,22.9,1004.0,961.0,66.0,188.4
2022-03-26/15:58:51,22.9,1004.0,961.0,66.0,188.4
2022-03-26/15:58:52,22.9,1004.0,961.0,66.0,188.4
2022-03-26/15:58:53,22.9,1004.0,961.0,66.0,188.3
2022-03-26/15:58:54,22.9,1004.0,961.0,66.0,188.4
2022-03-26/15:58:55,22.9,1004.0,953.0,57.0,188.3
2022-03-26/15:58:56,22.9,1004.0,953.0,57.0,188.3
2022-03-26/15:58:58,22.9,1004.0,953.0,66.0,188.4
2022-03-26/15:58:59,22.9,1004.0,953.0,66.0,188.3
2022-03-26/15:59:00,22.9,1004.0,953.0,65.0,188.3
2022-03-26/15:59:01,22.9,1004.0,953.0,65.0,188.3
2022-03-26/15:59:02,22.9,1004.0,953.0,66.0,188.3
2022-03-26/15:59:03,22.9,1004.0,953.0,66.0,188.4
2022-03-26/15:59:04,22.9,1004.0,953.0,66.0,188.3
2022-03-26/15:59:05,22.9,1004.0,953.0,66.0,188.3
2022-03-26/15:59:06,22.9,1004.0,953.0,66.0,188.5
2022-03-26/15:59:07,22.9,1004.0,953.0,66.0,188.3
2022-03-26/15:59:08,22.9,1004.0,953.0,61.0,188.3
2022-03-26/15:59:10,22.9,1004.0,953.0,61.0,188.3
2022-03-26/15:59:11,22.9,1004.0,946.0,62.0,188.3
2022-03-26/15:59:12,22.9,1004.0,946.0,62.0,188.3
2022-03-26/15:59:13,22.9,1004.0,946.0,66.0,188.3
2022-03-26/15:59:14,22.9,1004.0,946.0,66.0,188.3
2022-03-26/15:59:15,22.9,1004.0,946.0,66.0,188.3
2022-03-26/15:59:16,22.9,1004.0,946.0,66.0,188.3
2022-03-26/15:59:17,22.9,1004.0,946.0,66.0,188.3
2022-03-26/15:59:18,22.9,1004.0,946.0,66.0,188.3
2022-03-26/15:59:19,22.9,1004.0,946.0,66.0,188.3
2022-03-26/15:59:21,22.9,1004.0,946.0,66.0,188.3
2022-03-26/15:59:22,22.9,1004.0,946.0,66.0,188.3
2022-03-26/15:59:23,22.9,1004.0,946.0,66.0,188.3
2022-03-26/15:59:24,22.9,1004.0,936.0,63.0,188.3
2022-03-26/15:59:25,22.9,1004.0,936.0,63.0,188.3
2022-03-26/15:59:26,22.9,1004.0,936.0,58.0,188.3
2022-03-26/15:59:27,22.9,1004.0,936.0,58.0,188.3
2022-03-26/15:59:28,22.9,1004.0,936.0,66.0,188.3
2022-03-26/15:59:29,22.9,1004.0,936.0,66.0,188.3
2022-03-26/15:59:30,22.9,1004.0,936.0,66.0,188.3
2022-03-26/15:59:31,22.9,1004.0,936.0,66.0,188.3
2022-03-26/15:59:33,22.9,1004.0,936.0,65.0,188.3
2022-03-26/15:59:34,22.9,1004.0,936.0,65.0,188.3
2022-03-26/15:59:35,22.9,1004.0,936.0,66.0,188.3
2022-03-26/15:59:36,22.9,1004.0,936.0,66.0,188.3
2022-03-26/15:59:37,22.9,1004.0,936.0,66.0,188.3
2022-03-26/15:59:38,22.9,1004.0,936.0,66.0,188.4
2022-03-26/15:59:39,23.0,1004.0,922.0,58.0,188.3
2022-03-26/15:59:40,23.0,1004.0,922.0,58.0,188.3
2022-03-26/15:59:41,23.0,1004.0,922.0,66.0,188.3
2022-03-26/15:59:42,23.0,1004.0,922.0,66.0,188.3
2022-03-26/15:59:44,23.0,1004.0,922.0,66.0,188.3
2022-03-26/15:59:45,23.0,1004.0,922.0,66.0,188.3
2022-03-26/15:59:46,23.0,1004.0,922.0,66.0,188.3
2022-03-26/15:59:47,23.0,1004.0,922.0,66.0,188.3
2022-03-26/15:59:48,23.0,1004.0,922.0,66.0,188.4
2022-03-26/15:59:49,23.0,1004.0,922.0,66.0,188.3
2022-03-26/15:59:50,23.0,1004.0,922.0,65.0,188.3
2022-03-26/15:59:51,23.0,1004.0,922.0,65.0,188.4
2022-03-26/15:59:52,23.0,1004.0,922.0,66.0,188.3
2022-03-26/15:59:53,23.0,1004.0,922.0,66.0,188.3
2022-03-26/15:59:54,23.0,1004.0,908.0,57.0,188.3
2022-03-26/15:59:56,23.0,1004.0,908.0,57.0,188.3
2022-03-26/15:59:57,23.0,1004.0,908.0,66.0,188.3
2022-03-26/15:59:58,23.0,1004.0,908.0,66.0,188.3
2022-03-26/15:59:59,23.0,1004.0,908.0,66.0,188.4
2022-03-26/16:00:00,23.0,1004.0,908.0,66.0,188.4
2022-03-26/16:00:01,23.0,1004.0,908.0,65.0,188.4
2022-03-26/16:00:02,23.0,1004.0,908.0,65.0,188.4
2022-03-26/16:00:03,23.0,1004.0,908.0,65.0,188.5
2022-03-26/16:00:04,23.0,1004.0,908.0,65.0,188.3
2022-03-26/16:00:05,23.0,1004.0,908.0,66.0,188.3
2022-03-26/16:00:07,23.0,1004.0,908.0,66.0,188.3
2022-03-26/16:00:08,23.0,1004.0,908.0,66.0,188.4
2022-03-26/16:00:09,23.0,1004.0,908.0,66.0,188.3
2022-03-26/16:00:10,23.0,1004.0,897.0,55.0,188.4
2022-03-26/16:00:11,23.0,1004.0,897.0,55.0,188.4
2022-03-26/16:00:12,23.0,1004.0,897.0,66.0,188.3
2022-03-26/16:00:13,23.0,1004.0,897.0,66.0,188.3
2022-03-26/16:00:14,23.0,1004.0,897.0,66.0,188.3
2022-03-26/16:00:15,23.0,1004.0,897.0,66.0,188.4
2022-03-26/16:00:16,23.0,1004.0,897.0,66.0,188.3
2022-03-26/16:00:17,23.0,1004.0,897.0,66.0,188.3
2022-03-26/16:00:19,23.0,1004.0,897.0,66.0,188.5
2022-03-26/16:00:20,23.0,1004.0,897.0,66.0,188.3
2022-03-26/16:00:21,23.0,1004.0,897.0,64.0,188.3
2022-03-26/16:00:22,23.0,1004.0,897.0,64.0,188.3
2022-03-26/16:00:23,23.0,1004.0,897.0,65.0,188.4
2022-03-26/16:00:24,23.0,1004.0,897.0,65.0,188.4
2022-03-26/16:00:25,23.0,1004.0,882.0,53.0,188.5
2022-03-26/16:00:26,23.0,1004.0,882.0,53.0,188.4
2022-03-26/16:00:27,23.0,1004.0,882.0,65.0,188.3
2022-03-26/16:00:28,23.0,1004.0,882.0,65.0,188.6
2022-03-26/16:00:30,23.0,1004.0,882.0,66.0,188.5
2022-03-26/16:00:31,23.0,1004.0,882.0,66.0,188.3
2022-03-26/16:00:32,23.0,1004.0,882.0,63.0,188.3
2022-03-26/16:00:33,23.0,1004.0,882.0,63.0,189.1
2022-03-26/16:00:34,23.0,1004.0,882.0,60.0,189.2
2022-03-26/16:00:35,23.0,1004.0,882.0,60.0,188.2
2022-03-26/16:00:36,23.0,1004.0,882.0,57.0,183.6
2022-03-26/16:00:37,23.0,1004.0,882.0,57.0,184.7
2022-03-26/16:00:38,23.0,1004.0,882.0,65.0,188.3
2022-03-26/16:00:39,23.0,1004.0,882.0,65.0,187.2
2022-03-26/16:00:40,23.0,1004.0,865.0,57.0,185.4
2022-03-26/16:00:42,23.0,1004.0,865.0,57.0,184.3
2022-03-26/16:00:43,23.0,1004.0,865.0,66.0,184.2
2022-03-26/16:00:44,23.0,1004.0,865.0,66.0,184.2
2022-03-26/16:00:45,23.0,1004.0,865.0,66.0,184.2
2022-03-26/16:00:46,23.0,1004.0,865.0,66.0,184.2
2022-03-26/16:00:47,23.0,1004.0,865.0,66.0,183.5
2022-03-26/16:00:48,23.0,1004.0,865.0,66.0,183.3
2022-03-26/16:00:49,23.0,1004.0,865.0,66.0,183.6
2022-03-26/16:00:50,23.0,1004.0,865.0,66.0,184.1
2022-03-26/16:00:51,23.0,1004.0,865.0,66.0,184.1
2022-03-26/16:00:52,23.0,1004.0,865.0,66.0,187.7
2022-03-26/16:00:54,23.0,1004.0,865.0,61.0,186.5
2022-03-26/16:00:55,23.0,1004.0,865.0,61.0,187.1
2022-03-26/16:00:56,23.0,1004.0,845.0,57.0,188.6
2022-03-26/16:00:57,23.0,1004.0,845.0,57.0,187.5
2022-03-26/16:00:58,23.0,1004.0,845.0,64.0,187.6
2022-03-26/16:00:59,23.0,1004.0,845.0,64.0,187.5
2022-03-26/16:01:00,23.0,1004.0,845.0,64.0,187.9
2022-03-26/16:01:01,23.0,1004.0,845.0,64.0,187.9
2022-03-26/16:01:02,23.0,1004.0,845.0,63.0,190.0
2022-03-26/16:01:03,23.0,1004.0,845.0,63.0,189.5
2022-03-26/16:01:05,23.0,1004.0,845.0,59.0,189.5
2022-03-26/16:01:06,23.0,1004.0,845.0,59.0,189.2
2022-03-26/16:01:07,23.0,1004.0,845.0,65.0,189.2
2022-03-26/16:01:08,23.0,1004.0,845.0,65.0,189.2
2022-03-26/16:01:09,22.9,1004.0,841.0,62.0,189.2
2022-03-26/16:01:10,22.9,1004.0,841.0,62.0,189.2
2022-03-26/16:01:11,22.9,1004.0,841.0,60.0,189.2
2022-03-26/16:01:12,22.9,1004.0,841.0,60.0,189.2
2022-03-26/16:01:13,22.9,1004.0,841.0,66.0,189.2
2022-03-26/16:01:14,22.9,1004.0,841.0,66.0,189.2
2022-03-26/16:01:15,22.9,1004.0,841.0,66.0,189.2
2022-03-26/16:01:17,22.9,1004.0,841.0,66.0,189.2
2022-03-26/16:01:18,22.9,1004.0,841.0,66.0,189.2
2022-03-26/16:01:19,22.9,1004.0,841.0,66.0,189.2
2022-03-26/16:01:20,22.9,1004.0,841.0,66.0,189.2
2022-03-26/16:01:21,22.9,1004.0,841.0,66.0,189.2
2022-03-26/16:01:22,22.9,1004.0,841.0,64.0,188.5
2022-03-26/16:01:23,22.9,1004.0,841.0,64.0,186.6
2022-03-26/16:01:24,22.9,1004.0,861.0,50.0,184.1
2022-03-26/16:01:25,22.9,1004.0,861.0,50.0,183.3
2022-03-26/16:01:26,22.9,1004.0,861.0,66.0,183.3
2022-03-26/16:01:28,22.9,1004.0,861.0,66.0,183.3
2022-03-26/16:01:29,22.9,1004.0,861.0,66.0,183.3
2022-03-26/16:01:30,22.9,1004.0,861.0,66.0,183.3
2022-03-26/16:01:31,22.9,1004.0,861.0,66.0,183.3
2022-03-26/16:01:32,22.9,1004.0,861.0,66.0,183.3
2022-03-26/16:01:33,22.9,1004.0,861.0,66.0,183.3
2022-03-26/16:01:34,22.9,1004.0,861.0,66.0,183.3
2022-03-26/16:01:35,22.9,1004.0,861.0,66.0,183.3
2022-03-26/16:01:36,22.9,1004.0,861.0,66.0,183.3
2022-03-26/16:01:37,22.9,1004.0,861.0,66.0,183.3
2022-03-26/16:01:39,22.9,1004.0,861.0,66.0,183.3
2022-03-26/16:01:40,22.9,1004.0,868.0,56.0,183.6
2022-03-26/16:01:41,22.9,1004.0,868.0,56.0,187.0
2022-03-26/16:01:42,22.9,1004.0,868.0,62.0,188.5
2022-03-26/16:01:43,22.9,1004.0,868.0,62.0,189.8
2022-03-26/16:01:44,22.9,1004.0,868.0,58.0,189.7
2022-03-26/16:01:45,22.9,1004.0,868.0,58.0,189.0
2022-03-26/16:01:46,22.9,1004.0,868.0,57.0,189.5
2022-03-26/16:01:47,22.9,1004.0,868.0,57.0,190.1
2022-03-26/16:01:48,22.9,1004.0,868.0,61.0,189.6
2022-03-26/16:01:49,22.9,1004.0,868.0,61.0,189.3
2022-03-26/16:01:51,22.9,1004.0,868.0,66.0,190.3
2022-03-26/16:01:52,22.9,1004.0,868.0,66.0,189.8
2022-03-26/16:01:53,22.9,1004.0,868.0,66.0,189.0
2022-03-26/16:01:54,22.9,1004.0,868.0,66.0,189.6
2022-03-26/16:01:55,22.9,1004.0,884.0,56.0,189.9
2022-03-26/16:01:56,22.9,1004.0,884.0,56.0,190.2
2022-03-26/16:01:57,22.9,1004.0,884.0,66.0,190.0
2022-03-26/16:01:58,22.9,1004.0,884.0,66.0,190.0
2022-03-26/16:01:59,22.9,1004.0,884.0,66.0,190.0
2022-03-26/16:02:00,22.9,1004.0,884.0,66.0,190.0
2022-03-26/16:02:01,22.9,1004.0,884.0,66.0,180.6
2022-03-26/16:02:03,22.9,1004.0,884.0,66.0,179.2
2022-03-26/16:02:04,22.9,1004.0,884.0,66.0,179.2
2022-03-26/16:02:05,22.9,1004.0,884.0,66.0,179.2
2022-03-26/16:02:06,22.9,1004.0,884.0,65.0,179.2
2022-03-26/16:02:07,22.9,1004.0,884.0,65.0,179.2
2022-03-26/16:02:08,22.9,1004.0,884.0,66.0,179.0
2022-03-26/16:02:09,22.9,1004.0,884.0,66.0,180.0
2022-03-26/16:02:10,23.0,1004.0,908.0,67.0,180.0
2022-03-26/16:02:11,23.0,1004.0,908.0,67.0,180.0
2022-03-26/16:02:12,23.0,1004.0,908.0,66.0,179.2
2022-03-26/16:02:14,23.0,1004.0,908.0,66.0,179.7
2022-03-26/16:02:15,23.0,1004.0,908.0,68.0,190.5
2022-03-26/16:02:16,23.0,1004.0,908.0,68.0,189.4
2022-03-26/16:02:17,23.0,1004.0,908.0,64.0,190.5
2022-03-26/16:02:18,23.0,1004.0,908.0,64.0,191.6
2022-03-26/16:02:19,23.0,1004.0,908.0,60.0,191.7
2022-03-26/16:02:20,23.0,1004.0,908.0,60.0,190.9
2022-03-26/16:02:21,23.0,1004.0,908.0,66.0,190.9
2022-03-26/16:02:22,23.0,1004.0,908.0,66.0,191.7
2022-03-26/16:02:23,23.0,1004.0,908.0,63.0,191.7
2022-03-26/16:02:24,23.0,1004.0,908.0,63.0,191.1
2022-03-26/16:02:26,23.0,1004.0,939.0,58.0,189.8
2022-03-26/16:02:27,23.0,1004.0,939.0,58.0,189.2
2022-03-26/16:02:28,23.0,1004.0,939.0,66.0,189.8
2022-03-26/16:02:29,23.0,1004.0,939.0,66.0,190.6
2022-03-26/16:02:30,23.0,1004.0,939.0,61.0,190.5
2022-03-26/16:02:31,23.0,1004.0,939.0,61.0,191.1
2022-03-26/16:02:32,23.0,1004.0,939.0,55.0,191.7
2022-03-26/16:02:33,23.0,1004.0,939.0,55.0,191.7
2022-03-26/16:02:34,23.0,1004.0,939.0,63.0,191.7
2022-03-26/16:02:35,23.0,1004.0,939.0,63.0,191.7
2022-03-26/16:02:37,23.0,1004.0,939.0,66.0,191.7
2022-03-26/16:02:38,23.0,1004.0,939.0,66.0,191.7
2022-03-26/16:02:39,23.0,1004.0,972.0,62.0,191.7
2022-03-26/16:02:40,23.0,1004.0,972.0,62.0,191.7
2022-03-26/16:02:41,23.0,1004.0,972.0,58.0,191.7
2022-03-26/16:02:42,23.0,1004.0,972.0,58.0,191.7
2022-03-26/16:02:43,23.0,1004.0,972.0,66.0,191.7
2022-03-26/16:02:44,23.0,1004.0,972.0,66.0,191.7
2022-03-26/16:02:45,23.0,1004.0,972.0,66.0,191.7
2022-03-26/16:02:46,23.0,1004.0,972.0,66.0,191.7
2022-03-26/16:02:47,23.0,1004.0,972.0,66.0,191.4
2022-03-26/16:02:49,23.0,1004.0,972.0,66.0,191.5
2022-03-26/16:02:50,23.0,1004.0,972.0,62.0,190.3
2022-03-26/16:02:51,23.0,1004.0,972.0,62.0,186.9
2022-03-26/16:02:52,23.0,1004.0,972.0,65.0,185.0
2022-03-26/16:02:53,23.0,1004.0,972.0,65.0,185.4
2022-03-26/16:02:54,23.0,1004.0,986.0,58.0,185.8
2022-03-26/16:02:55,23.0,1004.0,986.0,58.0,184.7
2022-03-26/16:02:56,23.0,1004.0,986.0,62.0,182.6
2022-03-26/16:02:57,23.0,1004.0,986.0,62.0,182.6
2022-03-26/16:02:58,23.0,1004.0,986.0,66.0,182.5
2022-03-26/16:03:00,23.0,1004.0,986.0,66.0,184.9
2022-03-26/16:03:01,23.0,1004.0,986.0,66.0,185.6
2022-03-26/16:03:02,23.0,1004.0,986.0,66.0,187.7
2022-03-26/16:03:03,23.0,1004.0,986.0,63.0,187.6
2022-03-26/16:03:04,23.0,1004.0,986.0,63.0,187.1
2022-03-26/16:03:05,23.0,1004.0,986.0,66.0,188.3
2022-03-26/16:03:06,23.0,1004.0,986.0,66.0,188.1
2022-03-26/16:03:07,23.0,1004.0,986.0,66.0,186.8
2022-03-26/16:03:08,23.0,1004.0,986.0,66.0,187.8
2022-03-26/16:03:09,23.0,1004.0,984.0,56.0,189.6
2022-03-26/16:03:10,23.0,1004.0,984.0,56.0,190.0
2022-03-26/16:03:12,23.0,1004.0,984.0,53.0,188.4
2022-03-26/16:03:13,23.0,1004.0,984.0,53.0,177.1
2022-03-26/16:03:14,23.0,1004.0,984.0,67.0,180.9
2022-03-26/16:03:15,23.0,1004.0,984.0,67.0,181.1
2022-03-26/16:03:16,23.0,1004.0,984.0,66.0,179.0
2022-03-26/16:03:17,23.0,1004.0,984.0,66.0,180.8
2022-03-26/16:03:18,23.0,1004.0,984.0,66.0,180.7
2022-03-26/16:03:19,23.0,1004.0,984.0,66.0,175.9
2022-03-26/16:03:20,23.0,1004.0,984.0,66.0,175.8
2022-03-26/16:03:21,23.0,1004.0,984.0,66.0,172.3
2022-03-26/16:03:23,23.0,1004.0,984.0,66.0,171.7
2022-03-26/16:03:24,23.0,1004.0,984.0,66.0,171.7
2022-03-26/16:03:25,23.0,1004.0,990.0,55.0,171.7
2022-03-26/16:03:26,23.0,1004.0,990.0,55.0,171.8
2022-03-26/16:03:27,23.0,1004.0,990.0,66.0,181.6
2022-03-26/16:03:28,23.0,1004.0,990.0,66.0,181.4
2022-03-26/16:03:29,23.0,1004.0,990.0,64.0,180.1
2022-03-26/16:03:30,23.0,1004.0,990.0,64.0,178.2
2022-03-26/16:03:31,23.0,1004.0,990.0,66.0,177.5
2022-03-26/16:03:32,23.0,1004.0,990.0,66.0,177.5
2022-03-26/16:03:33,23.0,1004.0,990.0,66.0,177.5
2022-03-26/16:03:35,23.0,1004.0,990.0,66.0,177.5
2022-03-26/16:03:36,23.0,1004.0,990.0,66.0,178.6
2022-03-26/16:03:37,23.0,1004.0,990.0,66.0,180.5
2022-03-26/16:03:38,23.0,1004.0,990.0,60.0,180.3
2022-03-26/16:03:39,23.0,1004.0,990.0,60.0,179.3
2022-03-26/16:03:40,23.0,1004.0,989.0,55.0,180.4
2022-03-26/16:03:41,23.0,1004.0,989.0,55.0,181.7
2022-03-26/16:03:42,23.0,1004.0,989.0,64.0,180.7
2022-03-26/16:03:43,23.0,1004.0,989.0,64.0,179.5
2022-03-26/16:03:44,23.0,1004.0,989.0,64.0,182.2
2022-03-26/16:03:46,23.0,1004.0,989.0,64.0,182.1
2022-03-26/16:03:47,23.0,1004.0,989.0,66.0,182.6
2022-03-26/16:03:48,23.0,1004.0,989.0,66.0,182.5
2022-03-26/16:03:49,23.0,1004.0,989.0,66.0,182.1
2022-03-26/16:03:50,23.0,1004.0,989.0,66.0,182.5
2022-03-26/16:03:51,23.0,1004.0,989.0,66.0,182.3
2022-03-26/16:03:52,23.0,1004.0,989.0,66.0,180.1
2022-03-26/16:03:53,23.0,1004.0,989.0,67.0,179.4
2022-03-26/16:03:54,23.0,1004.0,989.0,67.0,179.8
2022-03-26/16:03:55,23.0,1004.0,990.0,55.0,181.8
2022-03-26/16:03:56,23.0,1004.0,990.0,55.0,182.1
2022-03-26/16:03:58,23.0,1004.0,990.0,64.0,182.5
2022-03-26/16:03:59,23.0,1004.0,990.0,64.0,182.4
2022-03-26/16:04:00,23.0,1004.0,990.0,66.0,182.5
2022-03-26/16:04:01,23.0,1004.0,990.0,66.0,182.5
2022-03-26/16:04:02,23.0,1004.0,990.0,66.0,182.5
2022-03-26/16:04:03,23.0,1004.0,990.0,66.0,182.5
2022-03-26/16:04:04,23.0,1004.0,990.0,66.0,182.5
2022-03-26/16:04:05,23.0,1004.0,990.0,66.0,182.5
2022-03-26/16:04:06,23.0,1004.0,990.0,66.0,182.5
2022-03-26/16:04:07,23.0,1004.0,990.0,66.0,182.5
2022-03-26/16:04:08,23.0,1004.0,990.0,64.0,182.5
2022-03-26/16:04:10,23.0,1004.0,990.0,64.0,182.5
2022-03-26/16:04:11,23.0,1004.0,1000.0,57.0,182.5
2022-03-26/16:04:12,23.0,1004.0,1000.0,57.0,182.5
2022-03-26/16:04:13,23.0,1004.0,1000.0,66.0,182.5
2022-03-26/16:04:14,23.0,1004.0,1000.0,66.0,182.4
2022-03-26/16:04:15,23.0,1004.0,1000.0,64.0,181.8
2022-03-26/16:04:16,23.0,1004.0,1000.0,64.0,180.0
2022-03-26/16:04:17,23.0,1004.0,1000.0,62.0,178.3
2022-03-26/16:04:18,23.0,1004.0,1000.0,62.0,178.3
2022-03-26/16:04:19,23.0,1004.0,1000.0,66.0,178.3
2022-03-26/16:04:21,23.0,1004.0,1000.0,66.0,178.3
2022-03-26/16:04:22,23.0,1004.0,1000.0,66.0,178.3
2022-03-26/16:04:23,23.0,1004.0,1000.0,66.0,178.3
2022-03-26/16:04:24,23.1,1004.0,1014.0,63.0,178.7
2022-03-26/16:04:25,23.1,1004.0,1014.0,63.0,179.8
2022-03-26/16:04:26,23.1,1004.0,1014.0,60.0,181.7
2022-03-26/16:04:27,23.1,1004.0,1014.0,60.0,182.6
2022-03-26/16:04:28,23.1,1004.0,1014.0,61.0,182.9
2022-03-26/16:04:29,23.1,1004.0,1014.0,61.0,183.3
2022-03-26/16:04:30,23.1,1004.0,1014.0,62.0,183.3
2022-03-26/16:04:31,23.1,1004.0,1014.0,62.0,183.3
2022-03-26/16:04:33,23.1,1004.0,1014.0,66.0,183.3
2022-03-26/16:04:34,23.1,1004.0,1014.0,66.0,183.3
2022-03-26/16:04:35,23.1,1004.0,1014.0,66.0,183.3
2022-03-26/16:04:36,23.1,1004.0,1014.0,66.0,183.3
2022-03-26/16:04:37,23.1,1004.0,1014.0,66.0,183.3
2022-03-26/16:04:38,23.1,1004.0,1014.0,66.0,183.3
2022-03-26/16:04:39,23.1,1004.0,1034.0,56.0,183.3
2022-03-26/16:04:40,23.1,1004.0,1034.0,56.0,183.3
2022-03-26/16:04:41,23.1,1004.0,1034.0,64.0,183.3
2022-03-26/16:04:42,23.1,1004.0,1034.0,64.0,183.4
2022-03-26/16:04:44,23.1,1004.0,1034.0,66.0,183.5
2022-03-26/16:04:45,23.1,1004.0,1034.0,66.0,183.3
2022-03-26/16:04:46,23.1,1004.0,1034.0,66.0,183.8
2022-03-26/16:04:47,23.1,1004.0,1034.0,66.0,183.4
2022-03-26/16:04:48,23.1,1004.0,1034.0,66.0,183.3
2022-03-26/16:04:49,23.1,1004.0,1034.0,66.0,182.8
2022-03-26/16:04:50,23.1,1004.0,1034.0,65.0,181.0
2022-03-26/16:04:51,23.1,1004.0,1034.0,65.0,179.1
2022-03-26/16:04:52,23.1,1004.0,1034.0,65.0,177.5
2022-03-26/16:04:53,23.1,1004.0,1034.0,65.0,178.2
2022-03-26/16:04:54,23.1,1004.0,1047.0,57.0,177.9
2022-03-26/16:04:56,23.1,1004.0,1047.0,57.0,178.3
2022-03-26/16:04:57,23.1,1004.0,1047.0,65.0,178.3
2022-03-26/16:04:58,23.1,1004.0,1047.0,65.0,178.0
2022-03-26/16:04:59,23.1,1004.0,1047.0,66.0,178.1
2022-03-26/16:05:00,23.1,1004.0,1047.0,66.0,177.9
2022-03-26/16:05:01,23.1,1004.0,1047.0,65.0,177.9
2022-03-26/16:05:02,23.1,1004.0,1047.0,65.0,178.1
2022-03-26/16:05:03,23.1,1004.0,1047.0,66.0,177.6
2022-03-26/16:05:04,23.1,1004.0,1047.0,66.0,177.8
2022-03-26/16:05:05,23.1,1004.0,1047.0,66.0,177.7
2022-03-26/16:05:07,23.1,1004.0,1047.0,66.0,177.5
2022-03-26/16:05:08,23.1,1004.0,1047.0,66.0,177.5
2022-03-26/16:05:09,23.1,1004.0,1047.0,66.0,177.5
2022-03-26/16:05:10,23.1,1004.0,1053.0,55.0,177.5
2022-03-26/16:05:11,23.1,1004.0,1053.0,55.0,177.5
2022-03-26/16:05:12,23.1,1004.0,1053.0,66.0,177.5
2022-03-26/16:05:13,23.1,1004.0,1053.0,66.0,177.5
2022-03-26/16:05:14,23.1,1004.0,1053.0,66.0,177.5
2022-03-26/16:05:15,23.1,1004.0,1053.0,66.0,177.7
2022-03-26/16:05:16,23.1,1004.0,1053.0,66.0,177.5
2022-03-26/16:05:17,23.1,1004.0,1053.0,66.0,177.5
2022-03-26/16:05:19,23.1,1004.0,1053.0,66.0,177.5
2022-03-26/16:05:20,23.1,1004.0,1053.0,66.0,177.5
2022-03-26/16:05:21,23.1,1004.0,1053.0,66.0,177.7
2022-03-26/16:05:22,23.1,1004.0,1053.0,66.0,177.4
2022-03-26/16:05:23,23.1,1004.0,1053.0,65.0,176.7
2022-03-26/16:05:24,23.1,1004.0,1053.0,65.0,176.7
2022-03-26/16:05:25,23.2,1004.0,1049.0,55.0,176.9
2022-03-26/16:05:26,23.2,1004.0,1049.0,55.0,176.7
2022-03-26/16:05:27,23.2,1004.0,1049.0,66.0,176.7
2022-03-26/16:05:28,23.2,1004.0,1049.0,66.0,177.3
2022-03-26/16:05:30,23.2,1004.0,1049.0,66.0,176.8
2022-03-26/16:05:31,23.2,1004.0,1049.0,66.0,177.3
2022-03-26/16:05:32,23.2,1004.0,1049.0,66.0,175.9
2022-03-26/16:05:33,23.2,1004.0,1049.0,66.0,179.2
2022-03-26/16:05:34,23.2,1004.0,1049.0,66.0,179.2
2022-03-26/16:05:35,23.2,1004.0,1049.0,66.0,179.2
2022-03-26/16:05:36,23.2,1004.0,1049.0,66.0,179.2
2022-03-26/16:05:37,23.2,1004.0,1049.0,66.0,179.2
2022-03-26/16:05:38,23.2,1004.0,1049.0,64.0,179.2
2022-03-26/16:05:39,23.2,1004.0,1049.0,64.0,179.2
2022-03-26/16:05:40,23.2,1004.0,1043.0,57.0,179.2
2022-03-26/16:05:42,23.2,1004.0,1043.0,57.0,179.0
2022-03-26/16:05:43,23.2,1004.0,1043.0,66.0,179.2
2022-03-26/16:05:44,23.2,1004.0,1043.0,66.0,179.1
2022-03-26/16:05:45,23.2,1004.0,1043.0,66.0,179.1
2022-03-26/16:05:46,23.2,1004.0,1043.0,66.0,178.5
2022-03-26/16:05:47,23.2,1004.0,1043.0,65.0,178.3
2022-03-26/16:05:48,23.2,1004.0,1043.0,65.0,178.2
2022-03-26/16:05:49,23.2,1004.0,1043.0,66.0,178.3
2022-03-26/16:05:50,23.2,1004.0,1043.0,66.0,178.3
2022-03-26/16:05:51,23.2,1004.0,1043.0,66.0,178.3
2022-03-26/16:05:53,23.2,1004.0,1043.0,66.0,178.3
2022-03-26/16:05:54,23.2,1004.0,1043.0,61.0,178.3
2022-03-26/16:05:55,23.2,1004.0,1043.0,61.0,178.3
2022-03-26/16:05:56,23.2,1004.0,1031.0,60.0,178.3
2022-03-26/16:05:57,23.2,1004.0,1031.0,60.0,178.3
2022-03-26/16:05:58,23.2,1004.0,1031.0,66.0,178.3
2022-03-26/16:05:59,23.2,1004.0,1031.0,66.0,178.3
2022-03-26/16:06:00,23.2,1004.0,1031.0,66.0,178.3
2022-03-26/16:06:01,23.2,1004.0,1031.0,66.0,178.3
2022-03-26/16:06:02,23.2,1004.0,1031.0,66.0,178.3
2022-03-26/16:06:03,23.2,1004.0,1031.0,66.0,178.3
2022-03-26/16:06:05,23.2,1004.0,1031.0,66.0,178.3
2022-03-26/16:06:06,23.2,1004.0,1031.0,66.0,178.3
2022-03-26/16:06:07,23.2,1004.0,1031.0,66.0,178.3
2022-03-26/16:06:08,23.2,1004.0,1031.0,66.0,178.3
2022-03-26/16:06:09,23.2,1004.0,1018.0,61.0,178.3
2022-03-26/16:06:10,23.2,1004.0,1018.0,61.0,178.0
2022-03-26/16:06:11,23.2,1004.0,1018.0,58.0,177.3
2022-03-26/16:06:12,23.2,1004.0,1018.0,58.0,176.7
2022-03-26/16:06:13,23.2,1004.0,1018.0,66.0,177.4
2022-03-26/16:06:14,23.2,1004.0,1018.0,66.0,176.8
2022-03-26/16:06:16,23.2,1004.0,1018.0,66.0,177.3
2022-03-26/16:06:17,23.2,1004.0,1018.0,66.0,177.0
2022-03-26/16:06:18,23.2,1004.0,1018.0,66.0,177.5
2022-03-26/16:06:19,23.2,1004.0,1018.0,66.0,177.5
2022-03-26/16:06:20,23.2,1004.0,1018.0,66.0,177.5
2022-03-26/16:06:21,23.2,1004.0,1018.0,66.0,177.5
2022-03-26/16:06:22,23.2,1004.0,1018.0,63.0,177.1
2022-03-26/16:06:23,23.2,1004.0,1018.0,63.0,177.7
2022-03-26/16:06:24,23.3,1004.0,1011.0,55.0,177.9
2022-03-26/16:06:25,23.3,1004.0,1011.0,55.0,177.8
2022-03-26/16:06:26,23.3,1004.0,1011.0,65.0,177.5
2022-03-26/16:06:28,23.3,1004.0,1011.0,65.0,177.6
2022-03-26/16:06:29,23.3,1004.0,1011.0,66.0,177.5
2022-03-26/16:06:30,23.3,1004.0,1011.0,66.0,177.5
2022-03-26/16:06:31,23.3,1004.0,1011.0,66.0,177.5
2022-03-26/16:06:32,23.3,1004.0,1011.0,66.0,177.5
2022-03-26/16:06:33,23.3,1004.0,1011.0,66.0,177.5
2022-03-26/16:06:34,23.3,1004.0,1011.0,66.0,177.5
2022-03-26/16:06:35,23.3,1004.0,1011.0,66.0,177.5
2022-03-26/16:06:36,23.3,1004.0,1011.0,66.0,177.5
2022-03-26/16:06:37,23.3,1004.0,1011.0,66.0,177.5
2022-03-26/16:06:38,23.3,1004.0,1011.0,66.0,177.5
2022-03-26/16:06:40,23.3,1004.0,1003.0,56.0,177.5
2022-03-26/16:06:41,23.3,1004.0,1003.0,56.0,179.6
2022-03-26/16:06:42,23.3,1004.0,1003.0,66.0,180.5
2022-03-26/16:06:43,23.3,1004.0,1003.0,66.0,178.6
2022-03-26/16:06:44,23.3,1004.0,1003.0,65.0,121.5
2022-03-26/16:06:45,23.3,1004.0,1003.0,65.0,163.7
2022-03-26/16:06:46,23.3,1004.0,1003.0,65.0,165.3
2022-03-26/16:06:47,23.3,1004.0,1003.0,65.0,160.6
2022-03-26/16:06:48,23.3,1004.0,1003.0,63.0,161.5
2022-03-26/16:06:49,23.3,1004.0,1003.0,63.0,170.9
2022-03-26/16:06:51,23.3,1004.0,1003.0,63.0,179.1
2022-03-26/16:06:52,23.3,1004.0,1003.0,63.0,168.5
2022-03-26/16:06:53,23.3,1004.0,1003.0,63.0,167.8
2022-03-26/16:06:54,23.3,1004.0,1003.0,63.0,179.8
2022-03-26/16:06:55,23.3,1004.0,990.0,55.0,180.0
2022-03-26/16:06:56,23.3,1004.0,990.0,55.0,179.3
2022-03-26/16:06:57,23.3,1004.0,990.0,65.0,178.3
2022-03-26/16:06:58,23.3,1004.0,990.0,65.0,178.3
2022-03-26/16:06:59,23.3,1004.0,990.0,64.0,177.6
2022-03-26/16:07:00,23.3,1004.0,990.0,64.0,177.5
2022-03-26/16:07:01,23.3,1004.0,990.0,64.0,177.5
2022-03-26/16:07:03,23.3,1004.0,990.0,64.0,177.5
2022-03-26/16:07:04,23.3,1004.0,990.0,65.0,177.5
2022-03-26/16:07:05,23.3,1004.0,990.0,65.0,177.5
2022-03-26/16:07:06,23.3,1004.0,990.0,65.0,177.5
2022-03-26/16:07:07,23.3,1004.0,990.0,65.0,177.5
2022-03-26/16:07:08,23.3,1004.0,990.0,65.0,177.5
2022-03-26/16:07:09,23.3,1004.0,990.0,65.0,177.5
2022-03-26/16:07:10,23.3,1004.0,1006.0,52.0,177.5
2022-03-26/16:07:11,23.3,1004.0,1006.0,52.0,177.5
2022-03-26/16:07:12,23.3,1004.0,1006.0,65.0,177.5
2022-03-26/16:07:14,23.3,1004.0,1006.0,65.0,177.5
2022-03-26/16:07:15,23.3,1004.0,1006.0,65.0,177.5
2022-03-26/16:07:16,23.3,1004.0,1006.0,65.0,177.6
2022-03-26/16:07:17,23.3,1004.0,1006.0,65.0,178.0
2022-03-26/16:07:18,23.3,1004.0,1006.0,65.0,178.4
2022-03-26/16:07:19,23.3,1004.0,1006.0,65.0,178.3
2022-03-26/16:07:20,23.3,1004.0,1006.0,65.0,178.3
2022-03-26/16:07:21,23.3,1004.0,1006.0,65.0,178.2
2022-03-26/16:07:22,23.3,1004.0,1006.0,65.0,178.0
2022-03-26/16:07:23,23.3,1004.0,1006.0,63.0,177.6
2022-03-26/16:07:24,23.3,1004.0,1006.0,63.0,160.1
2022-03-26/16:07:26,23.3,1004.0,1016.0,54.0,105.5
2022-03-26/16:07:27,23.3,1004.0,1016.0,54.0,132.4
2022-03-26/16:07:28,23.3,1004.0,1016.0,62.0,175.3
2022-03-26/16:07:29,23.3,1004.0,1016.0,62.0,177.6
2022-03-26/16:07:30,23.3,1004.0,1016.0,65.0,175.3
2022-03-26/16:07:31,23.3,1004.0,1016.0,65.0,177.5
2022-03-26/16:07:32,23.3,1004.0,1016.0,65.0,177.2
2022-03-26/16:07:33,23.3,1004.0,1016.0,65.0,165.6
2022-03-26/16:07:34,23.3,1004.0,1016.0,64.0,166.8
2022-03-26/16:07:35,23.3,1004.0,1016.0,64.0,177.5
2022-03-26/16:07:37,23.3,1004.0,1016.0,65.0,177.6
2022-03-26/16:07:38,23.3,1004.0,1016.0,65.0,177.5
2022-03-26/16:07:39,23.3,1004.0,1035.0,62.0,177.5
2022-03-26/16:07:40,23.3,1004.0,1035.0,62.0,177.5
2022-03-26/16:07:41,23.3,1004.0,1035.0,59.0,176.8
2022-03-26/16:07:42,23.3,1004.0,1035.0,59.0,179.7
2022-03-26/16:07:43,23.3,1004.0,1035.0,65.0,180.0
2022-03-26/16:07:44,23.3,1004.0,1035.0,65.0,180.1
2022-03-26/16:07:45,23.3,1004.0,1035.0,65.0,180.0
2022-03-26/16:07:46,23.3,1004.0,1035.0,65.0,180.0
2022-03-26/16:07:47,23.3,1004.0,1035.0,65.0,178.6
2022-03-26/16:07:49,23.3,1004.0,1035.0,65.0,177.5
2022-03-26/16:07:50,23.3,1004.0,1035.0,64.0,177.5
2022-03-26/16:07:51,23.3,1004.0,1035.0,64.0,177.4
2022-03-26/16:07:52,23.3,1004.0,1035.0,65.0,177.9
2022-03-26/16:07:53,23.3,1004.0,1035.0,65.0,180.0
2022-03-26/16:07:54,23.3,1004.0,1047.0,57.0,180.0
2022-03-26/16:07:55,23.3,1004.0,1047.0,57.0,180.0
2022-03-26/16:07:56,23.3,1004.0,1047.0,61.0,180.0
2022-03-26/16:07:57,23.3,1004.0,1047.0,61.0,177.7
2022-03-26/16:07:58,23.3,1004.0,1047.0,65.0,177.4
2022-03-26/16:08:00,23.3,1004.0,1047.0,65.0,177.5
2022-03-26/16:08:01,23.3,1004.0,1047.0,65.0,177.4
2022-03-26/16:08:02,23.3,1004.0,1047.0,65.0,177.5
2022-03-26/16:08:03,23.3,1004.0,1047.0,65.0,177.4
2022-03-26/16:08:04,23.3,1004.0,1047.0,65.0,177.5
2022-03-26/16:08:05,23.3,1004.0,1047.0,64.0,177.5
2022-03-26/16:08:06,23.3,1004.0,1047.0,64.0,177.4
2022-03-26/16:08:07,23.3,1004.0,1047.0,64.0,177.5
2022-03-26/16:08:08,23.3,1004.0,1047.0,64.0,177.5
2022-03-26/16:08:09,23.3,1004.0,1050.0,55.0,177.5
2022-03-26/16:08:10,23.3,1004.0,1050.0,55.0,177.4
2022-03-26/16:08:12,23.3,1004.0,1050.0,65.0,177.4
2022-03-26/16:08:13,23.3,1004.0,1050.0,65.0,176.0
2022-03-26/16:08:14,23.3,1004.0,1050.0,65.0,175.8
2022-03-26/16:08:15,23.3,1004.0,1050.0,65.0,175.8
2022-03-26/16:08:16,23.3,1004.0,1050.0,65.0,175.8
2022-03-26/16:08:17,23.3,1004.0,1050.0,65.0,175.8
2022-03-26/16:08:18,23.3,1004.0,1050.0,64.0,175.8
2022-03-26/16:08:19,23.3,1004.0,1050.0,64.0,175.8
2022-03-26/16:08:20,23.3,1004.0,1050.0,63.0,175.9
2022-03-26/16:08:21,23.3,1004.0,1050.0,63.0,177.2
2022-03-26/16:08:23,23.3,1004.0,1050.0,65.0,178.5
2022-03-26/16:08:24,23.3,1004.0,1050.0,65.0,179.2
2022-03-26/16:08:25,23.4,1004.0,1048.0,54.0,178.3
2022-03-26/16:08:26,23.4,1004.0,1048.0,54.0,178.3
2022-03-26/16:08:27,23.4,1004.0,1048.0,65.0,178.2
2022-03-26/16:08:28,23.4,1004.0,1048.0,65.0,178.3
2022-03-26/16:08:29,23.4,1004.0,1048.0,64.0,178.3
2022-03-26/16:08:30,23.4,1004.0,1048.0,64.0,178.3
2022-03-26/16:08:31,23.4,1004.0,1048.0,65.0,178.3
2022-03-26/16:08:32,23.4,1004.0,1048.0,65.0,177.8
2022-03-26/16:08:33,23.4,1004.0,1048.0,64.0,178.3
2022-03-26/16:08:35,23.4,1004.0,1048.0,64.0,178.3
2022-03-26/16:08:36,23.4,1004.0,1048.0,64.0,178.3
2022-03-26/16:08:37,23.4,1004.0,1048.0,64.0,178.3
2022-03-26/16:08:38,23.4,1004.0,1048.0,64.0,178.3
2022-03-26/16:08:39,23.4,1004.0,1048.0,64.0,178.3
2022-03-26/16:08:40,23.4,1004.0,1048.0,55.0,178.3
2022-03-26/16:08:41,23.4,1004.0,1048.0,55.0,178.3
2022-03-26/16:08:42,23.4,1004.0,1048.0,65.0,178.3
2022-03-26/16:08:43,23.4,1004.0,1048.0,65.0,178.3
2022-03-26/16:08:44,23.4,1004.0,1048.0,65.0,178.3
2022-03-26/16:08:46,23.4,1004.0,1048.0,65.0,178.3
2022-03-26/16:08:47,23.4,1004.0,1048.0,65.0,177.7
2022-03-26/16:08:48,23.4,1004.0,1048.0,65.0,176.9
2022-03-26/16:08:49,23.4,1004.0,1048.0,65.0,177.7
2022-03-26/16:08:50,23.4,1004.0,1048.0,65.0,178.3
2022-03-26/16:08:51,23.4,1004.0,1048.0,65.0,178.3
2022-03-26/16:08:52,23.4,1004.0,1048.0,65.0,178.3
2022-03-26/16:08:53,23.4,1004.0,1048.0,65.0,178.3
2022-03-26/16:08:54,23.4,1004.0,1048.0,65.0,178.3
2022-03-26/16:08:55,23.4,1004.0,1053.0,55.0,178.2
2022-03-26/16:08:56,23.4,1004.0,1053.0,55.0,178.3
2022-03-26/16:08:58,23.4,1004.0,1053.0,65.0,178.3
2022-03-26/16:08:59,23.4,1004.0,1053.0,65.0,178.2
2022-03-26/16:09:00,23.4,1004.0,1053.0,65.0,178.1
2022-03-26/16:09:01,23.4,1004.0,1053.0,65.0,178.2
2022-03-26/16:09:02,23.4,1004.0,1053.0,65.0,178.1
2022-03-26/16:09:03,23.4,1004.0,1053.0,65.0,177.5
2022-03-26/16:09:04,23.4,1004.0,1053.0,65.0,175.5
2022-03-26/16:09:05,23.4,1004.0,1053.0,65.0,176.7
2022-03-26/16:09:06,23.4,1004.0,1053.0,65.0,177.4
2022-03-26/16:09:07,23.4,1004.0,1053.0,65.0,176.9
2022-03-26/16:09:09,23.4,1004.0,1053.0,62.0,176.7
2022-03-26/16:09:10,23.4,1004.0,1053.0,62.0,176.7
2022-03-26/16:09:11,23.4,1004.0,1046.0,58.0,176.7
2022-03-26/16:09:12,23.4,1004.0,1046.0,58.0,177.1
2022-03-26/16:09:13,23.4,1004.0,1046.0,65.0,176.7
2022-03-26/16:09:14,23.4,1004.0,1046.0,65.0,176.7
2022-03-26/16:09:15,23.4,1004.0,1046.0,65.0,176.7
2022-03-26/16:09:16,23.4,1004.0,1046.0,65.0,176.7
2022-03-26/16:09:17,23.4,1004.0,1046.0,65.0,176.7
2022-03-26/16:09:18,23.4,1004.0,1046.0,65.0,176.7
2022-03-26/16:09:19,23.4,1004.0,1046.0,65.0,176.6
2022-03-26/16:09:21,23.4,1004.0,1046.0,65.0,176.7
2022-03-26/16:09:22,23.4,1004.0,1046.0,65.0,176.6
2022-03-26/16:09:23,23.4,1004.0,1046.0,65.0,176.4
2022-03-26/16:09:24,23.4,1004.0,1042.0,63.0,176.1
2022-03-26/16:09:25,23.4,1004.0,1042.0,63.0,174.5
2022-03-26/16:09:26,23.4,1004.0,1042.0,59.0,175.2
2022-03-26/16:09:27,23.4,1004.0,1042.0,59.0,175.0
2022-03-26/16:09:28,23.4,1004.0,1042.0,65.0,175.0
2022-03-26/16:09:29,23.4,1004.0,1042.0,65.0,175.0
2022-03-26/16:09:30,23.4,1004.0,1042.0,63.0,174.4
2022-03-26/16:09:31,23.4,1004.0,1042.0,63.0,174.6
2022-03-26/16:09:33,23.4,1004.0,1042.0,65.0,174.7
2022-03-26/16:09:34,23.4,1004.0,1042.0,65.0,174.5
2022-03-26/16:09:35,23.4,1004.0,1042.0,64.0,174.3
2022-03-26/16:09:36,23.4,1004.0,1042.0,64.0,174.5
2022-03-26/16:09:37,23.4,1004.0,1042.0,65.0,174.2
2022-03-26/16:09:38,23.4,1004.0,1042.0,65.0,173.6
2022-03-26/16:09:39,23.4,1004.0,1043.0,55.0,174.9
2022-03-26/16:09:40,23.4,1004.0,1043.0,55.0,175.8
2022-03-26/16:09:41,23.4,1004.0,1043.0,63.0,176.0
2022-03-26/16:09:42,23.4,1004.0,1043.0,63.0,177.4
2022-03-26/16:09:44,23.4,1004.0,1043.0,65.0,176.0
2022-03-26/16:09:45,23.4,1004.0,1043.0,65.0,176.0
2022-03-26/16:09:46,23.4,1004.0,1043.0,64.0,177.5
2022-03-26/16:09:47,23.4,1004.0,1043.0,64.0,177.5
2022-03-26/16:09:48,23.4,1004.0,1043.0,65.0,177.5
2022-03-26/16:09:49,23.4,1004.0,1043.0,65.0,177.5
2022-03-26/16:09:50,23.4,1004.0,1043.0,65.0,177.4
2022-03-26/16:09:51,23.4,1004.0,1043.0,65.0,177.5
2022-03-26/16:09:52,23.4,1004.0,1043.0,65.0,177.5
2022-03-26/16:09:53,23.4,1004.0,1043.0,65.0,177.5
2022-03-26/16:09:55,23.4,1004.0,1039.0,57.0,177.5
2022-03-26/16:09:56,23.4,1004.0,1039.0,57.0,177.5
2022-03-26/16:09:57,23.4,1004.0,1039.0,63.0,177.5
2022-03-26/16:09:58,23.4,1004.0,1039.0,63.0,177.5
2022-03-26/16:09:59,23.4,1004.0,1039.0,65.0,177.5
2022-03-26/16:10:00,23.4,1004.0,1039.0,65.0,177.5
2022-03-26/16:10:01,23.4,1004.0,1039.0,65.0,177.5
2022-03-26/16:10:02,23.4,1004.0,1039.0,65.0,177.5
2022-03-26/16:10:03,23.4,1004.0,1039.0,65.0,177.5
2022-03-26/16:10:04,23.4,1004.0,1039.0,65.0,177.5
2022-03-26/16:10:05,23.4,1004.0,1039.0,66.0,177.5
2022-03-26/16:10:07,23.4,1004.0,1039.0,66.0,177.3
2022-03-26/16:10:08,23.4,1004.0,1039.0,65.0,176.7
2022-03-26/16:10:09,23.4,1004.0,1039.0,65.0,177.2
2022-03-26/16:10:10,23.5,1004.0,1043.0,55.0,177.5
2022-03-26/16:10:11,23.5,1004.0,1043.0,55.0,177.2
2022-03-26/16:10:12,23.5,1004.0,1043.0,65.0,177.4
2022-03-26/16:10:13,23.5,1004.0,1043.0,65.0,177.5
2022-03-26/16:10:14,23.5,1004.0,1043.0,65.0,175.2
2022-03-26/16:10:15,23.5,1004.0,1043.0,65.0,175.0
2022-03-26/16:10:16,23.5,1004.0,1043.0,65.0,175.2
2022-03-26/16:10:17,23.5,1004.0,1043.0,65.0,175.8
2022-03-26/16:10:19,23.5,1004.0,1043.0,64.0,175.8
2022-03-26/16:10:20,23.5,1004.0,1043.0,64.0,175.8
2022-03-26/16:10:21,23.5,1004.0,1043.0,65.0,176.2
2022-03-26/16:10:22,23.5,1004.0,1043.0,65.0,176.5
2022-03-26/16:10:23,23.5,1004.0,1043.0,65.0,175.8
2022-03-26/16:10:24,23.5,1004.0,1043.0,65.0,175.0
2022-03-26/16:10:25,23.5,1004.0,1042.0,53.0,175.1
2022-03-26/16:10:26,23.5,1004.0,1042.0,53.0,175.0
2022-03-26/16:10:27,23.5,1004.0,1042.0,65.0,175.2
2022-03-26/16:10:28,23.5,1004.0,1042.0,65.0,178.0
2022-03-26/16:10:30,23.5,1004.0,1042.0,65.0,177.5
2022-03-26/16:10:31,23.5,1004.0,1042.0,65.0,176.4
2022-03-26/16:10:32,23.5,1004.0,1042.0,63.0,175.8
2022-03-26/16:10:33,23.5,1004.0,1042.0,63.0,176.1
2022-03-26/16:10:34,23.5,1004.0,1042.0,64.0,175.7
2022-03-26/16:10:35,23.5,1004.0,1042.0,64.0,176.7
2022-03-26/16:10:36,23.5,1004.0,1042.0,65.0,176.7
2022-03-26/16:10:37,23.5,1004.0,1042.0,65.0,176.7
2022-03-26/16:10:38,23.5,1004.0,1042.0,64.0,176.7
2022-03-26/16:10:39,23.5,1004.0,1042.0,64.0,176.7
2022-03-26/16:10:40,23.5,1004.0,1038.0,55.0,176.7
2022-03-26/16:10:42,23.5,1004.0,1038.0,55.0,176.6
2022-03-26/16:10:43,23.5,1004.0,1038.0,65.0,176.7
2022-03-26/16:10:44,23.5,1004.0,1038.0,65.0,176.7
2022-03-26/16:10:45,23.5,1004.0,1038.0,65.0,176.7
2022-03-26/16:10:46,23.5,1004.0,1038.0,65.0,176.2
2022-03-26/16:10:47,23.5,1004.0,1038.0,65.0,176.2
2022-03-26/16:10:48,23.5,1004.0,1038.0,65.0,175.8
2022-03-26/16:10:49,23.5,1004.0,1038.0,65.0,175.8
2022-03-26/16:10:50,23.5,1004.0,1038.0,65.0,176.4
2022-03-26/16:10:51,23.5,1004.0,1038.0,65.0,177.4
2022-03-26/16:10:53,23.5,1004.0,1038.0,65.0,177.3
2022-03-26/16:10:54,23.5,1004.0,1038.0,60.0,177.2
2022-03-26/16:10:55,23.5,1004.0,1038.0,60.0,177.2
2022-03-26/16:10:56,23.5,1004.0,1036.0,59.0,177.2
2022-03-26/16:10:57,23.5,1004.0,1036.0,59.0,177.1
2022-03-26/16:10:58,23.5,1004.0,1036.0,65.0,177.0
2022-03-26/16:10:59,23.5,1004.0,1036.0,65.0,176.7
2022-03-26/16:11:00,23.5,1004.0,1036.0,65.0,178.1
2022-03-26/16:11:01,23.5,1004.0,1036.0,65.0,178.3
2022-03-26/16:11:02,23.5,1004.0,1036.0,65.0,178.1
2022-03-26/16:11:03,23.5,1004.0,1036.0,65.0,178.1
2022-03-26/16:11:05,23.5,1004.0,1036.0,64.0,178.0
2022-03-26/16:11:06,23.5,1004.0,1036.0,64.0,178.1
2022-03-26/16:11:07,23.5,1004.0,1036.0,65.0,178.2
2022-03-26/16:11:08,23.5,1004.0,1036.0,65.0,178.1
2022-03-26/16:11:09,23.5,1004.0,1028.0,60.0,178.2
2022-03-26/16:11:10,23.5,1004.0,1028.0,60.0,178.0
2022-03-26/16:11:11,23.5,1004.0,1028.0,58.0,177.8
2022-03-26/16:11:12,23.5,1004.0,1028.0,58.0,176.7
2022-03-26/16:11:13,23.5,1004.0,1028.0,65.0,176.7
2022-03-26/16:11:14,23.5,1004.0,1028.0,65.0,177.1
2022-03-26/16:11:16,23.5,1004.0,1028.0,65.0,177.5
2022-03-26/16:11:17,23.5,1004.0,1028.0,65.0,177.5
2022-03-26/16:11:18,23.5,1004.0,1028.0,65.0,178.1
2022-03-26/16:11:19,23.5,1004.0,1028.0,65.0,177.8
2022-03-26/16:11:20,23.5,1004.0,1028.0,65.0,177.5
2022-03-26/16:11:21,23.5,1004.0,1028.0,65.0,177.5
2022-03-26/16:11:22,23.5,1004.0,1028.0,65.0,177.5
2022-03-26/16:11:23,23.5,1004.0,1028.0,65.0,177.5
2022-03-26/16:11:24,23.6,1004.0,1022.0,54.0,177.5
2022-03-26/16:11:25,23.6,1004.0,1022.0,54.0,177.9
2022-03-26/16:11:26,23.6,1004.0,1022.0,63.0,178.5
2022-03-26/16:11:28,23.6,1004.0,1022.0,63.0,178.5
2022-03-26/16:11:29,23.6,1004.0,1022.0,64.0,178.3
2022-03-26/16:11:30,23.6,1004.0,1022.0,64.0,177.6
2022-03-26/16:11:31,23.6,1004.0,1022.0,65.0,177.6
2022-03-26/16:11:32,23.6,1004.0,1022.0,65.0,178.0
2022-03-26/16:11:33,23.6,1004.0,1022.0,65.0,177.5
2022-03-26/16:11:34,23.6,1004.0,1022.0,65.0,177.5
2022-03-26/16:11:35,23.6,1004.0,1022.0,65.0,177.5
2022-03-26/16:11:36,23.6,1004.0,1022.0,65.0,177.5
2022-03-26/16:11:37,23.6,1004.0,1022.0,65.0,177.5
2022-03-26/16:11:39,23.6,1004.0,1022.0,65.0,177.5
2022-03-26/16:11:40,23.6,1004.0,1034.0,52.0,177.5
2022-03-26/16:11:41,23.6,1004.0,1034.0,52.0,177.5
2022-03-26/16:11:42,23.6,1004.0,1034.0,65.0,177.5
2022-03-26/16:11:43,23.6,1004.0,1034.0,65.0,177.5
2022-03-26/16:11:44,23.6,1004.0,1034.0,65.0,177.4
2022-03-26/16:11:45,23.6,1004.0,1034.0,65.0,175.6
2022-03-26/16:11:46,23.6,1004.0,1034.0,65.0,176.2
2022-03-26/16:11:47,23.6,1004.0,1034.0,65.0,177.3
2022-03-26/16:11:48,23.6,1004.0,1034.0,65.0,176.7
2022-03-26/16:11:49,23.6,1004.0,1034.0,65.0,176.7
2022-03-26/16:11:51,23.6,1004.0,1034.0,65.0,176.5
2022-03-26/16:11:52,23.6,1004.0,1034.0,65.0,175.8
2022-03-26/16:11:53,23.6,1004.0,1034.0,65.0,176.0
2022-03-26/16:11:54,23.6,1004.0,1034.0,65.0,176.7
2022-03-26/16:11:55,23.6,1004.0,1037.0,53.0,176.7
2022-03-26/16:11:56,23.6,1004.0,1037.0,53.0,176.2
2022-03-26/16:11:57,23.6,1004.0,1037.0,65.0,176.9
2022-03-26/16:11:58,23.6,1004.0,1037.0,65.0,175.8
2022-03-26/16:11:59,23.6,1004.0,1037.0,64.0,175.8
2022-03-26/16:12:00,23.6,1004.0,1037.0,64.0,174.6
2022-03-26/16:12:02,23.6,1004.0,1037.0,60.0,175.9
2022-03-26/16:12:03,23.6,1004.0,1037.0,60.0,176.0
2022-03-26/16:12:04,23.6,1004.0,1037.0,61.0,176.9
2022-03-26/16:12:05,23.6,1004.0,1037.0,61.0,178.1
2022-03-26/16:12:06,23.6,1004.0,1037.0,60.0,179.2
2022-03-26/16:12:07,23.6,1004.0,1037.0,60.0,178.7
2022-03-26/16:12:08,23.6,1004.0,1037.0,65.0,179.0
2022-03-26/16:12:09,23.6,1004.0,1037.0,65.0,179.2
2022-03-26/16:12:10,23.6,1004.0,1040.0,53.0,179.1
2022-03-26/16:12:11,23.6,1004.0,1040.0,53.0,177.0
2022-03-26/16:12:12,23.6,1004.0,1040.0,65.0,175.8
2022-03-26/16:12:14,23.6,1004.0,1040.0,65.0,175.8
2022-03-26/16:12:15,23.6,1004.0,1040.0,65.0,175.8
2022-03-26/16:12:16,23.6,1004.0,1040.0,65.0,175.9
2022-03-26/16:12:17,23.6,1004.0,1040.0,65.0,176.8
2022-03-26/16:12:18,23.6,1004.0,1040.0,65.0,176.8
2022-03-26/16:12:19,23.6,1004.0,1040.0,64.0,178.7
2022-03-26/16:12:20,23.6,1004.0,1040.0,64.0,176.7
2022-03-26/16:12:21,23.6,1004.0,1040.0,65.0,176.4
2022-03-26/16:12:22,23.6,1004.0,1040.0,65.0,176.6
2022-03-26/16:12:23,23.6,1004.0,1040.0,64.0,177.6
2022-03-26/16:12:24,23.6,1004.0,1040.0,64.0,175.9
2022-03-26/16:12:26,23.6,1004.0,1049.0,55.0,175.8
2022-03-26/16:12:27,23.6,1004.0,1049.0,55.0,175.8
2022-03-26/16:12:28,23.6,1004.0,1049.0,65.0,175.8
2022-03-26/16:12:29,23.6,1004.0,1049.0,65.0,175.7
2022-03-26/16:12:30,23.6,1004.0,1049.0,65.0,175.8
2022-03-26/16:12:31,23.6,1004.0,1049.0,65.0,176.9
2022-03-26/16:12:32,23.6,1004.0,1049.0,65.0,175.4
2022-03-26/16:12:33,23.6,1004.0,1049.0,65.0,176.2
2022-03-26/16:12:34,23.6,1004.0,1049.0,65.0,177.3
2022-03-26/16:12:35,23.6,1004.0,1049.0,65.0,180.1
2022-03-26/16:12:37,23.6,1004.0,1049.0,65.0,177.1
2022-03-26/16:12:38,23.6,1004.0,1049.0,65.0,175.5
2022-03-26/16:12:39,23.6,1004.0,1055.0,61.0,175.0
2022-03-26/16:12:40,23.6,1004.0,1055.0,61.0,175.0
2022-03-26/16:12:41,23.6,1004.0,1055.0,57.0,175.1
2022-03-26/16:12:42,23.6,1004.0,1055.0,57.0,176.4
2022-03-26/16:12:43,23.6,1004.0,1055.0,65.0,176.5
2022-03-26/16:12:44,23.6,1004.0,1055.0,65.0,176.0
2022-03-26/16:12:45,23.6,1004.0,1055.0,65.0,175.0
2022-03-26/16:12:46,23.6,1004.0,1055.0,65.0,175.0
2022-03-26/16:12:47,23.6,1004.0,1055.0,65.0,175.0
2022-03-26/16:12:49,23.6,1004.0,1055.0,65.0,175.6
2022-03-26/16:12:50,23.6,1004.0,1055.0,65.0,175.8
2022-03-26/16:12:51,23.6,1004.0,1055.0,65.0,175.6
2022-03-26/16:12:52,23.6,1004.0,1055.0,65.0,175.0
2022-03-26/16:12:53,23.6,1004.0,1055.0,65.0,175.0
2022-03-26/16:12:54,23.6,1004.0,1056.0,57.0,174.2
2022-03-26/16:12:55,23.6,1004.0,1056.0,57.0,174.5
2022-03-26/16:12:56,23.6,1004.0,1056.0,61.0,175.0
2022-03-26/16:12:57,23.6,1004.0,1056.0,61.0,175.2
2022-03-26/16:12:58,23.6,1004.0,1056.0,63.0,175.4
2022-03-26/16:13:00,23.6,1004.0,1056.0,63.0,175.5
2022-03-26/16:13:01,23.6,1004.0,1056.0,64.0,175.5
2022-03-26/16:13:02,23.6,1004.0,1056.0,64.0,176.0
2022-03-26/16:13:03,23.6,1004.0,1056.0,61.0,175.1
2022-03-26/16:13:04,23.6,1004.0,1056.0,61.0,175.0
2022-03-26/16:13:05,23.6,1004.0,1056.0,65.0,175.3
2022-03-26/16:13:06,23.6,1004.0,1056.0,65.0,175.8
2022-03-26/16:13:07,23.6,1004.0,1056.0,64.0,175.8
2022-03-26/16:13:08,23.6,1004.0,1056.0,64.0,175.5
2022-03-26/16:13:09,23.6,1004.0,1062.0,54.0,175.8
2022-03-26/16:13:10,23.6,1004.0,1062.0,54.0,174.9
2022-03-26/16:13:12,23.6,1004.0,1062.0,65.0,174.7
2022-03-26/16:13:13,23.6,1004.0,1062.0,65.0,176.6
2022-03-26/16:13:14,23.6,1004.0,1062.0,65.0,175.8
2022-03-26/16:13:15,23.6,1004.0,1062.0,65.0,176.5
2022-03-26/16:13:16,23.6,1004.0,1062.0,65.0,175.1
2022-03-26/16:13:17,23.6,1004.0,1062.0,65.0,175.1
2022-03-26/16:13:18,23.6,1004.0,1062.0,64.0,177.1
2022-03-26/16:13:19,23.6,1004.0,1062.0,64.0,176.0
2022-03-26/16:13:20,23.6,1004.0,1062.0,65.0,174.6
2022-03-26/16:13:21,23.6,1004.0,1062.0,65.0,174.2
2022-03-26/16:13:23,23.6,1004.0,1062.0,64.0,174.2
2022-03-26/16:13:24,23.6,1004.0,1062.0,64.0,174.2
2022-03-26/16:13:25,23.6,1004.0,1070.0,54.0,174.2
2022-03-26/16:13:26,23.6,1004.0,1070.0,54.0,174.2
2022-03-26/16:13:27,23.6,1004.0,1070.0,65.0,174.2
2022-03-26/16:13:28,23.6,1004.0,1070.0,65.0,174.6
2022-03-26/16:13:29,23.6,1004.0,1070.0,65.0,174.3
2022-03-26/16:13:30,23.6,1004.0,1070.0,65.0,174.3
2022-03-26/16:13:31,23.6,1004.0,1070.0,65.0,174.2
2022-03-26/16:13:32,23.6,1004.0,1070.0,65.0,174.4
2022-03-26/16:13:33,23.6,1004.0,1070.0,64.0,175.6
2022-03-26/16:13:35,23.6,1004.0,1070.0,64.0,174.2
2022-03-26/16:13:36,23.6,1004.0,1070.0,64.0,174.2
2022-03-26/16:13:37,23.6,1004.0,1070.0,64.0,174.8
2022-03-26/16:13:38,23.6,1004.0,1070.0,65.0,175.3
2022-03-26/16:13:39,23.6,1004.0,1070.0,65.0,176.1
2022-03-26/16:13:40,23.6,1004.0,1076.0,55.0,176.0
2022-03-26/16:13:41,23.6,1004.0,1076.0,55.0,175.1
2022-03-26/16:13:42,23.6,1004.0,1076.0,65.0,174.4
2022-03-26/16:13:43,23.6,1004.0,1076.0,65.0,175.1
2022-03-26/16:13:44,23.6,1004.0,1076.0,65.0,175.3
2022-03-26/16:13:46,23.6,1004.0,1076.0,65.0,175.0
2022-03-26/16:13:47,23.6,1004.0,1076.0,64.0,174.8
2022-03-26/16:13:48,23.6,1004.0,1076.0,64.0,174.2
2022-03-26/16:13:49,23.6,1004.0,1076.0,65.0,174.2
2022-03-26/16:13:50,23.6,1004.0,1076.0,65.0,174.2
2022-03-26/16:13:51,23.6,1004.0,1076.0,65.0,174.2
2022-03-26/16:13:52,23.6,1004.0,1076.0,65.0,174.8
2022-03-26/16:13:53,23.6,1004.0,1076.0,65.0,174.6
2022-03-26/16:13:54,23.6,1004.0,1076.0,65.0,175.0
2022-03-26/16:13:55,23.6,1004.0,1083.0,56.0,174.5
2022-03-26/16:13:56,23.6,1004.0,1083.0,56.0,174.0
2022-03-26/16:13:58,23.6,1004.0,1083.0,65.0,174.0
2022-03-26/16:13:59,23.6,1004.0,1083.0,65.0,173.8
2022-03-26/16:14:00,23.6,1004.0,1083.0,63.0,175.5
2022-03-26/16:14:01,23.6,1004.0,1083.0,63.0,175.5
2022-03-26/16:14:02,23.6,1004.0,1083.0,65.0,175.8
2022-03-26/16:14:03,23.6,1004.0,1083.0,65.0,175.5
2022-03-26/16:14:04,23.6,1004.0,1083.0,64.0,174.9
2022-03-26/16:14:05,23.6,1004.0,1083.0,64.0,174.5
2022-03-26/16:14:06,23.6,1004.0,1083.0,65.0,177.8
2022-03-26/16:14:07,23.6,1004.0,1083.0,65.0,174.2
2022-03-26/16:14:09,23.6,1004.0,1083.0,59.0,174.2
2022-03-26/16:14:10,23.6,1004.0,1083.0,59.0,174.2
2022-03-26/16:14:11,23.6,1004.0,1079.0,60.0,174.2
2022-03-26/16:14:12,23.6,1004.0,1079.0,60.0,174.2
2022-03-26/16:14:13,23.6,1004.0,1079.0,65.0,174.4
2022-03-26/16:14:14,23.6,1004.0,1079.0,65.0,175.0
2022-03-26/16:14:15,23.6,1004.0,1079.0,65.0,175.0
2022-03-26/16:14:16,23.6,1004.0,1079.0,65.0,175.0
2022-03-26/16:14:17,23.6,1004.0,1079.0,65.0,175.0
2022-03-26/16:14:18,23.6,1004.0,1079.0,65.0,175.0
2022-03-26/16:14:19,23.6,1004.0,1079.0,65.0,175.6
2022-03-26/16:14:21,23.6,1004.0,1079.0,65.0,175.5
2022-03-26/16:14:22,23.6,1004.0,1079.0,65.0,175.4
2022-03-26/16:14:23,23.6,1004.0,1079.0,65.0,174.7
2022-03-26/16:14:24,23.6,1004.0,1075.0,63.0,174.2
2022-03-26/16:14:25,23.6,1004.0,1075.0,63.0,175.1
2022-03-26/16:14:26,23.6,1004.0,1075.0,57.0,175.0
2022-03-26/16:14:27,23.6,1004.0,1075.0,57.0,175.4
2022-03-26/16:14:28,23.6,1004.0,1075.0,64.0,175.8
2022-03-26/16:14:29,23.6,1004.0,1075.0,64.0,175.8
2022-03-26/16:14:30,23.6,1004.0,1075.0,65.0,178.3
2022-03-26/16:14:32,23.6,1004.0,1075.0,65.0,174.7
2022-03-26/16:14:33,23.6,1004.0,1075.0,64.0,175.0
2022-03-26/16:14:34,23.6,1004.0,1075.0,64.0,174.9
2022-03-26/16:14:35,23.6,1004.0,1075.0,65.0,174.2
2022-03-26/16:14:36,23.6,1004.0,1075.0,65.0,174.2
2022-03-26/16:14:37,23.6,1004.0,1075.0,65.0,174.5
2022-03-26/16:14:38,23.6,1004.0,1075.0,65.0,177.1
2022-03-26/16:14:39,23.7,1004.0,1070.0,54.0,177.4
2022-03-26/16:14:40,23.7,1004.0,1070.0,54.0,175.6
2022-03-26/16:14:41,23.7,1004.0,1070.0,64.0,175.7
2022-03-26/16:14:42,23.7,1004.0,1070.0,64.0,175.4
2022-03-26/16:14:44,23.7,1004.0,1070.0,65.0,175.2
2022-03-26/16:14:45,23.7,1004.0,1070.0,65.0,175.5
2022-03-26/16:14:46,23.7,1004.0,1070.0,65.0,175.8
2022-03-26/16:14:47,23.7,1004.0,1070.0,65.0,175.8
2022-03-26/16:14:48,23.7,1004.0,1070.0,65.0,176.6
2022-03-26/16:14:49,23.7,1004.0,1070.0,65.0,176.5
2022-03-26/16:14:50,23.7,1004.0,1070.0,65.0,177.0
2022-03-26/16:14:51,23.7,1004.0,1070.0,65.0,176.9
2022-03-26/16:14:52,23.7,1004.0,1070.0,65.0,178.0
2022-03-26/16:14:53,23.7,1004.0,1070.0,65.0,176.7
2022-03-26/16:14:55,23.7,1004.0,1071.0,53.0,176.8
2022-03-26/16:14:56,23.7,1004.0,1071.0,53.0,177.3
2022-03-26/16:14:57,23.7,1004.0,1071.0,65.0,176.4
2022-03-26/16:14:58,23.7,1004.0,1071.0,65.0,175.0
2022-03-26/16:14:59,23.7,1004.0,1071.0,65.0,175.4
2022-03-26/16:15:00,23.7,1004.0,1071.0,65.0,175.0
2022-03-26/16:15:01,23.7,1004.0,1071.0,65.0,175.3
2022-03-26/16:15:02,23.7,1004.0,1071.0,65.0,175.2
2022-03-26/16:15:03,23.7,1004.0,1071.0,64.0,175.9
2022-03-26/16:15:04,23.7,1004.0,1071.0,64.0,177.4
2022-03-26/16:15:05,23.7,1004.0,1071.0,65.0,177.5
2022-03-26/16:15:07,23.7,1004.0,1071.0,65.0,176.2
2022-03-26/16:15:08,23.7,1004.0,1071.0,65.0,177.0
2022-03-26/16:15:09,23.7,1004.0,1071.0,65.0,177.3
2022-03-26/16:15:10,23.7,1004.0,1069.0,54.0,176.7
2022-03-26/16:15:11,23.7,1004.0,1069.0,54.0,176.7
2022-03-26/16:15:12,23.7,1004.0,1069.0,65.0,176.7
2022-03-26/16:15:13,23.7,1004.0,1069.0,65.0,176.7
2022-03-26/16:15:14,23.7,1004.0,1069.0,65.0,176.7
2022-03-26/16:15:15,23.7,1004.0,1069.0,65.0,175.6
2022-03-26/16:15:16,23.7,1004.0,1069.0,65.0,174.4
2022-03-26/16:15:18,23.7,1004.0,1069.0,65.0,173.3
2022-03-26/16:15:19,23.7,1004.0,1069.0,65.0,173.3
2022-03-26/16:15:20,23.7,1004.0,1069.0,65.0,173.3
2022-03-26/16:15:21,23.7,1004.0,1069.0,65.0,173.3
2022-03-26/16:15:22,23.7,1004.0,1069.0,65.0,173.3
2022-03-26/16:15:23,23.7,1004.0,1069.0,65.0,173.3
2022-03-26/16:15:24,23.7,1004.0,1069.0,65.0,173.3
2022-03-26/16:15:25,23.7,1004.0,1073.0,55.0,173.3
2022-03-26/16:15:26,23.7,1004.0,1073.0,55.0,173.2
2022-03-26/16:15:27,23.7,1004.0,1073.0,65.0,173.3
2022-03-26/16:15:28,23.7,1004.0,1073.0,65.0,173.3
2022-03-26/16:15:30,23.7,1004.0,1073.0,65.0,173.3
2022-03-26/16:15:31,23.7,1004.0,1073.0,65.0,173.4
2022-03-26/16:15:32,23.7,1004.0,1073.0,65.0,173.3
2022-03-26/16:15:33,23.7,1004.0,1073.0,65.0,173.2
2022-03-26/16:15:34,23.7,1004.0,1073.0,64.0,173.0
2022-03-26/16:15:35,23.7,1004.0,1073.0,64.0,173.3
2022-03-26/16:15:36,23.7,1004.0,1073.0,63.0,173.3
2022-03-26/16:15:37,23.7,1004.0,1073.0,63.0,173.3
2022-03-26/16:15:38,23.7,1004.0,1073.0,65.0,173.3
2022-03-26/16:15:39,23.7,1004.0,1073.0,65.0,173.3
2022-03-26/16:15:40,23.7,1004.0,1069.0,55.0,173.3
2022-03-26/16:15:42,23.7,1004.0,1069.0,55.0,174.1
2022-03-26/16:15:43,23.7,1004.0,1069.0,65.0,174.3
2022-03-26/16:15:44,23.7,1004.0,1069.0,65.0,174.0
2022-03-26/16:15:45,23.7,1004.0,1069.0,65.0,176.8
2022-03-26/16:15:46,23.7,1004.0,1069.0,65.0,179.1
2022-03-26/16:15:47,23.7,1004.0,1069.0,65.0,175.8
2022-03-26/16:15:48,23.7,1004.0,1069.0,65.0,175.2
2022-03-26/16:15:49,23.7,1004.0,1069.0,64.0,175.7
2022-03-26/16:15:50,23.7,1004.0,1069.0,64.0,175.4
2022-03-26/16:15:51,23.7,1004.0,1069.0,64.0,175.8
2022-03-26/16:15:53,23.7,1004.0,1069.0,64.0,175.8
2022-03-26/16:15:54,23.7,1004.0,1069.0,59.0,175.0
2022-03-26/16:15:55,23.7,1004.0,1069.0,59.0,176.2
2022-03-26/16:15:56,23.7,1004.0,1072.0,59.0,175.2
2022-03-26/16:15:57,23.7,1004.0,1072.0,59.0,174.2
2022-03-26/16:15:58,23.7,1004.0,1072.0,65.0,174.2
2022-03-26/16:15:59,23.7,1004.0,1072.0,65.0,173.1
2022-03-26/16:16:00,23.7,1004.0,1072.0,65.0,172.7
2022-03-26/16:16:01,23.7,1004.0,1072.0,65.0,173.5
2022-03-26/16:16:02,23.7,1004.0,1072.0,65.0,172.9
2022-03-26/16:16:03,23.7,1004.0,1072.0,65.0,172.5
2022-03-26/16:16:05,23.7,1004.0,1072.0,65.0,172.6
2022-03-26/16:16:06,23.7,1004.0,1072.0,65.0,172.5
2022-03-26/16:16:07,23.7,1004.0,1072.0,65.0,172.5
2022-03-26/16:16:08,23.7,1004.0,1072.0,65.0,172.5
2022-03-26/16:16:09,23.7,1004.0,1069.0,60.0,173.3
2022-03-26/16:16:10,23.7,1004.0,1069.0,60.0,174.9
2022-03-26/16:16:11,23.7,1004.0,1069.0,59.0,174.6
2022-03-26/16:16:12,23.7,1004.0,1069.0,59.0,173.0
2022-03-26/16:16:13,23.7,1004.0,1069.0,65.0,172.5
2022-03-26/16:16:14,23.7,1004.0,1069.0,65.0,172.5
2022-03-26/16:16:16,23.7,1004.0,1069.0,65.0,172.5
2022-03-26/16:16:17,23.7,1004.0,1069.0,65.0,172.5
2022-03-26/16:16:18,23.7,1004.0,1069.0,65.0,172.5
2022-03-26/16:16:19,23.7,1004.0,1069.0,65.0,172.5
2022-03-26/16:16:20,23.7,1004.0,1069.0,65.0,172.5
2022-03-26/16:16:21,23.7,1004.0,1069.0,65.0,172.9
2022-03-26/16:16:22,23.7,1004.0,1069.0,64.0,173.1
2022-03-26/16:16:23,23.7,1004.0,1069.0,64.0,172.5
2022-03-26/16:16:24,23.7,1004.0,1077.0,53.0,172.5
2022-03-26/16:16:25,23.7,1004.0,1077.0,53.0,172.5
2022-03-26/16:16:26,23.7,1004.0,1077.0,65.0,172.5
2022-03-26/16:16:28,23.7,1004.0,1077.0,65.0,172.5
2022-03-26/16:16:29,23.7,1004.0,1077.0,65.0,172.5
2022-03-26/16:16:30,23.7,1004.0,1077.0,65.0,172.6
2022-03-26/16:16:31,23.7,1004.0,1077.0,64.0,173.1
2022-03-26/16:16:32,23.7,1004.0,1077.0,64.0,173.3
2022-03-26/16:16:33,23.7,1004.0,1077.0,65.0,173.0
2022-03-26/16:16:34,23.7,1004.0,1077.0,65.0,172.5
2022-03-26/16:16:35,23.7,1004.0,1077.0,65.0,172.5
2022-03-26/16:16:36,23.7,1004.0,1077.0,65.0,173.1
2022-03-26/16:16:37,23.7,1004.0,1077.0,65.0,173.6
2022-03-26/16:16:39,23.7,1004.0,1077.0,65.0,174.0
2022-03-26/16:16:40,23.7,1004.0,1081.0,55.0,173.0
2022-03-26/16:16:41,23.7,1004.0,1081.0,55.0,172.5
2022-03-26/16:16:42,23.7,1004.0,1081.0,65.0,172.5
2022-03-26/16:16:43,23.7,1004.0,1081.0,65.0,172.5
2022-03-26/16:16:44,23.7,1004.0,1081.0,65.0,172.5
2022-03-26/16:16:45,23.7,1004.0,1081.0,65.0,172.5
2022-03-26/16:16:46,23.7,1004.0,1081.0,64.0,172.5
2022-03-26/16:16:47,23.7,1004.0,1081.0,64.0,172.5
2022-03-26/16:16:48,23.7,1004.0,1081.0,64.0,172.5
2022-03-26/16:16:49,23.7,1004.0,1081.0,64.0,172.5
2022-03-26/16:16:51,23.7,1004.0,1081.0,64.0,172.5
2022-03-26/16:16:52,23.7,1004.0,1081.0,64.0,173.1
2022-03-26/16:16:53,23.7,1004.0,1081.0,65.0,173.3
2022-03-26/16:16:54,23.7,1004.0,1081.0,65.0,173.4
2022-03-26/16:16:55,23.7,1004.0,1083.0,54.0,173.3
2022-03-26/16:16:56,23.7,1004.0,1083.0,54.0,173.0
2022-03-26/16:16:57,23.7,1004.0,1083.0,64.0,173.1
2022-03-26/16:16:58,23.7,1004.0,1083.0,64.0,173.0
2022-03-26/16:16:59,23.7,1004.0,1083.0,63.0,172.5
2022-03-26/16:17:00,23.7,1004.0,1083.0,63.0,172.5
2022-03-26/16:17:02,23.7,1004.0,1083.0,65.0,172.6
2022-03-26/16:17:03,23.7,1004.0,1083.0,65.0,172.8
2022-03-26/16:17:04,23.7,1004.0,1083.0,65.0,173.1
2022-03-26/16:17:05,23.7,1004.0,1083.0,65.0,172.7
2022-03-26/16:17:06,23.7,1004.0,1083.0,65.0,173.3
2022-03-26/16:17:07,23.7,1004.0,1083.0,65.0,173.3
2022-03-26/16:17:08,23.7,1004.0,1083.0,65.0,173.3
2022-03-26/16:17:09,23.7,1004.0,1083.0,65.0,173.6
2022-03-26/16:17:10,23.7,1004.0,1092.0,52.0,173.5
2022-03-26/16:17:11,23.7,1004.0,1092.0,52.0,173.3
2022-03-26/16:17:12,23.7,1004.0,1092.0,64.0,174.7
2022-03-26/16:17:14,23.7,1004.0,1092.0,64.0,174.2
2022-03-26/16:17:15,23.7,1004.0,1092.0,65.0,174.7
2022-03-26/16:17:16,23.7,1004.0,1092.0,65.0,173.6
2022-03-26/16:17:17,23.7,1004.0,1092.0,65.0,173.2
2022-03-26/16:17:18,23.7,1004.0,1092.0,65.0,172.7
2022-03-26/16:17:19,23.7,1004.0,1092.0,65.0,172.4
2022-03-26/16:17:20,23.7,1004.0,1092.0,65.0,172.2
2022-03-26/16:17:21,23.7,1004.0,1092.0,65.0,172.4
2022-03-26/16:17:22,23.7,1004.0,1092.0,65.0,172.6
2022-03-26/16:17:23,23.7,1004.0,1092.0,65.0,173.3
2022-03-26/16:17:24,23.7,1004.0,1092.0,65.0,173.3
2022-03-26/16:17:26,23.7,1004.0,1103.0,55.0,173.4
2022-03-26/16:17:27,23.7,1004.0,1103.0,55.0,173.3
2022-03-26/16:17:28,23.7,1004.0,1103.0,64.0,173.3
2022-03-26/16:17:29,23.7,1004.0,1103.0,64.0,173.3
2022-03-26/16:17:30,23.7,1004.0,1103.0,65.0,173.0
2022-03-26/16:17:31,23.7,1004.0,1103.0,65.0,173.4
2022-03-26/16:17:32,23.7,1004.0,1103.0,64.0,172.3
2022-03-26/16:17:33,23.7,1004.0,1103.0,64.0,174.1
2022-03-26/16:17:34,23.7,1004.0,1103.0,65.0,173.5
2022-03-26/16:17:35,23.7,1004.0,1103.0,65.0,172.6
2022-03-26/16:17:37,23.7,1004.0,1103.0,65.0,172.5
2022-03-26/16:17:38,23.7,1004.0,1103.0,65.0,172.5
2022-03-26/16:17:39,23.7,1004.0,1111.0,61.0,172.7
2022-03-26/16:17:40,23.7,1004.0,1111.0,61.0,173.6
2022-03-26/16:17:41,23.7,1004.0,1111.0,59.0,174.2
2022-03-26/16:17:42,23.7,1004.0,1111.0,59.0,174.0
2022-03-26/16:17:43,23.7,1004.0,1111.0,65.0,173.3
2022-03-26/16:17:44,23.7,1004.0,1111.0,65.0,172.6
2022-03-26/16:17:45,23.7,1004.0,1111.0,65.0,172.2
2022-03-26/16:17:46,23.7,1004.0,1111.0,65.0,173.6
2022-03-26/16:17:47,23.7,1004.0,1111.0,65.0,174.1
2022-03-26/16:17:49,23.7,1004.0,1111.0,65.0,173.9
2022-03-26/16:17:50,23.7,1004.0,1111.0,65.0,174.2
2022-03-26/16:17:51,23.7,1004.0,1111.0,65.0,174.1
2022-03-26/16:17:52,23.7,1004.0,1111.0,65.0,173.0
2022-03-26/16:17:53,23.7,1004.0,1111.0,65.0,172.7
2022-03-26/16:17:54,23.7,1004.0,1116.0,55.0,171.7
2022-03-26/16:17:55,23.7,1004.0,1116.0,55.0,171.7
2022-03-26/16:17:56,23.7,1004.0,1116.0,62.0,172.4
2022-03-26/16:17:57,23.7,1004.0,1116.0,62.0,172.3
2022-03-26/16:17:58,23.7,1004.0,1116.0,65.0,172.6
2022-03-26/16:18:00,23.7,1004.0,1116.0,65.0,172.5
2022-03-26/16:18:01,23.7,1004.0,1116.0,65.0,171.9
2022-03-26/16:18:02,23.7,1004.0,1116.0,65.0,172.6
2022-03-26/16:18:03,23.7,1004.0,1116.0,65.0,172.5
2022-03-26/16:18:04,23.7,1004.0,1116.0,65.0,172.3
2022-03-26/16:18:05,23.7,1004.0,1116.0,65.0,172.5
2022-03-26/16:18:06,23.7,1004.0,1116.0,65.0,172.4
2022-03-26/16:18:07,23.7,1004.0,1116.0,65.0,172.1
2022-03-26/16:18:08,23.7,1004.0,1116.0,65.0,172.5
2022-03-26/16:18:09,23.7,1004.0,1117.0,54.0,173.1
2022-03-26/16:18:10,23.7,1004.0,1117.0,54.0,172.8
2022-03-26/16:18:12,23.7,1004.0,1117.0,64.0,172.3
2022-03-26/16:18:13,23.7,1004.0,1117.0,64.0,172.4
2022-03-26/16:18:14,23.7,1004.0,1117.0,64.0,172.6
2022-03-26/16:18:15,23.7,1004.0,1117.0,64.0,170.8
2022-03-26/16:18:16,23.7,1004.0,1117.0,65.0,170.8
2022-03-26/16:18:17,23.7,1004.0,1117.0,65.0,170.8
2022-03-26/16:18:18,23.7,1004.0,1117.0,65.0,170.8
2022-03-26/16:18:19,23.7,1004.0,1117.0,65.0,170.8
2022-03-26/16:18:20,23.7,1004.0,1117.0,64.0,170.8
2022-03-26/16:18:21,23.7,1004.0,1117.0,64.0,170.8
2022-03-26/16:18:23,23.7,1004.0,1117.0,64.0,170.8
2022-03-26/16:18:24,23.7,1004.0,1117.0,64.0,170.8
2022-03-26/16:18:25,23.8,1004.0,1113.0,52.0,170.8
2022-03-26/16:18:26,23.8,1004.0,1113.0,52.0,170.8
2022-03-26/16:18:27,23.8,1004.0,1113.0,65.0,170.8
2022-03-26/16:18:28,23.8,1004.0,1113.0,65.0,170.9
2022-03-26/16:18:29,23.8,1004.0,1113.0,65.0,171.4
2022-03-26/16:18:30,23.8,1004.0,1113.0,65.0,173.1
2022-03-26/16:18:31,23.8,1004.0,1113.0,65.0,173.3
2022-03-26/16:18:32,23.8,1004.0,1113.0,65.0,173.0
2022-03-26/16:18:33,23.8,1004.0,1113.0,65.0,173.0
2022-03-26/16:18:35,23.8,1004.0,1113.0,65.0,171.9
2022-03-26/16:18:36,23.8,1004.0,1113.0,64.0,170.0
2022-03-26/16:18:37,23.8,1004.0,1113.0,64.0,170.8
2022-03-26/16:18:38,23.8,1004.0,1113.0,65.0,170.8
2022-03-26/16:18:39,23.8,1004.0,1113.0,65.0,171.6
2022-03-26/16:18:40,23.8,1004.0,1116.0,54.0,171.7
2022-03-26/16:18:41,23.8,1004.0,1116.0,54.0,171.8
2022-03-26/16:18:42,23.8,1004.0,1116.0,64.0,170.2
2022-03-26/16:18:43,23.8,1004.0,1116.0,64.0,173.3
2022-03-26/16:18:44,23.8,1004.0,1116.0,65.0,171.8
2022-03-26/16:18:46,23.8,1004.0,1116.0,65.0,171.9
2022-03-26/16:18:47,23.8,1004.0,1116.0,65.0,171.4
2022-03-26/16:18:48,23.8,1004.0,1116.0,65.0,172.3
2022-03-26/16:18:49,23.8,1004.0,1116.0,65.0,172.5
2022-03-26/16:18:50,23.8,1004.0,1116.0,65.0,171.6
2022-03-26/16:18:51,23.8,1004.0,1116.0,64.0,170.0
2022-03-26/16:18:52,23.8,1004.0,1116.0,64.0,170.0
2022-03-26/16:18:53,23.8,1004.0,1116.0,64.0,169.4
2022-03-26/16:18:54,23.8,1004.0,1116.0,64.0,169.2
2022-03-26/16:18:55,23.8,1004.0,1109.0,56.0,169.2
2022-03-26/16:18:56,23.8,1004.0,1109.0,56.0,169.2
2022-03-26/16:18:58,23.8,1004.0,1109.0,65.0,169.2
2022-03-26/16:18:59,23.8,1004.0,1109.0,65.0,169.2
2022-03-26/16:19:00,23.8,1004.0,1109.0,65.0,169.2
2022-03-26/16:19:01,23.8,1004.0,1109.0,65.0,169.2
2022-03-26/16:19:02,23.8,1004.0,1109.0,65.0,169.2
2022-03-26/16:19:03,23.8,1004.0,1109.0,65.0,169.2
2022-03-26/16:19:04,23.8,1004.0,1109.0,65.0,169.2
2022-03-26/16:19:05,23.8,1004.0,1109.0,65.0,169.4
2022-03-26/16:19:06,23.8,1004.0,1109.0,64.0,170.9
2022-03-26/16:19:07,23.8,1004.0,1109.0,64.0,169.2
2022-03-26/16:19:09,23.8,1004.0,1109.0,61.0,170.2
2022-03-26/16:19:10,23.8,1004.0,1109.0,61.0,170.0
2022-03-26/16:19:11,23.8,1004.0,1111.0,61.0,170.1
2022-03-26/16:19:12,23.8,1004.0,1111.0,61.0,170.2
2022-03-26/16:19:13,23.8,1004.0,1111.0,65.0,169.1
2022-03-26/16:19:14,23.8,1004.0,1111.0,65.0,169.8
2022-03-26/16:19:15,23.8,1004.0,1111.0,65.0,170.1
2022-03-26/16:19:16,23.8,1004.0,1111.0,65.0,170.9
2022-03-26/16:19:17,23.8,1004.0,1111.0,64.0,173.4
2022-03-26/16:19:18,23.8,1004.0,1111.0,64.0,170.8
2022-03-26/16:19:19,23.8,1004.0,1111.0,65.0,169.2
2022-03-26/16:19:21,23.8,1004.0,1111.0,65.0,169.8
2022-03-26/16:19:22,23.8,1004.0,1111.0,59.0,170.1
2022-03-26/16:19:23,23.8,1004.0,1111.0,59.0,170.3
2022-03-26/16:19:24,23.8,1004.0,1109.0,62.0,169.0
2022-03-26/16:19:25,23.8,1004.0,1109.0,62.0,170.1
2022-03-26/16:19:26,23.8,1004.0,1109.0,57.0,170.7
2022-03-26/16:19:27,23.8,1004.0,1109.0,57.0,170.8
2022-03-26/16:19:28,23.8,1004.0,1109.0,65.0,170.8
2022-03-26/16:19:29,23.8,1004.0,1109.0,65.0,171.7
2022-03-26/16:19:30,23.8,1004.0,1109.0,64.0,170.8
2022-03-26/16:19:31,23.8,1004.0,1109.0,64.0,170.2
2022-03-26/16:19:33,23.8,1004.0,1109.0,63.0,169.5
2022-03-26/16:19:34,23.8,1004.0,1109.0,63.0,170.0
2022-03-26/16:19:35,23.8,1004.0,1109.0,65.0,170.0
2022-03-26/16:19:36,23.8,1004.0,1109.0,65.0,171.2
2022-03-26/16:19:37,23.8,1004.0,1109.0,65.0,173.0
2022-03-26/16:19:38,23.8,1004.0,1109.0,65.0,171.5
2022-03-26/16:19:39,23.8,1004.0,1107.0,53.0,169.9
2022-03-26/16:19:40,23.8,1004.0,1107.0,53.0,170.6
2022-03-26/16:19:41,23.8,1004.0,1107.0,64.0,171.6
2022-03-26/16:19:42,23.8,1004.0,1107.0,64.0,170.8
2022-03-26/16:19:44,23.8,1004.0,1107.0,65.0,170.8
2022-03-26/16:19:45,23.8,1004.0,1107.0,65.0,171.1
2022-03-26/16:19:46,23.8,1004.0,1107.0,65.0,170.3
2022-03-26/16:19:47,23.8,1004.0,1107.0,65.0,169.2
2022-03-26/16:19:48,23.8,1004.0,1107.0,65.0,169.2
2022-03-26/16:19:49,23.8,1004.0,1107.0,65.0,169.9
2022-03-26/16:19:50,23.8,1004.0,1107.0,65.0,171.6
2022-03-26/16:19:51,23.8,1004.0,1107.0,65.0,170.6
2022-03-26/16:19:52,23.8,1004.0,1107.0,63.0,171.7
2022-03-26/16:19:53,23.8,1004.0,1107.0,63.0,170.1
2022-03-26/16:19:54,23.8,1004.0,1105.0,55.0,169.4
2022-03-26/16:19:56,23.8,1004.0,1105.0,55.0,172.0
2022-03-26/16:19:57,23.8,1004.0,1105.0,64.0,171.1
2022-03-26/16:19:58,23.8,1004.0,1105.0,64.0,169.2
2022-03-26/16:19:59,23.8,1004.0,1105.0,65.0,170.5
2022-03-26/16:20:00,23.8,1004.0,1105.0,65.0,169.6
2022-03-26/16:20:01,23.8,1004.0,1105.0,65.0,169.2
2022-03-26/16:20:02,23.8,1004.0,1105.0,65.0,169.2
2022-03-26/16:20:03,23.8,1004.0,1105.0,64.0,170.8
2022-03-26/16:20:04,23.8,1004.0,1105.0,64.0,170.6
2022-03-26/16:20:05,23.8,1004.0,1105.0,65.0,169.8
2022-03-26/16:20:07,23.8,1004.0,1105.0,65.0,170.2
2022-03-26/16:20:08,23.8,1004.0,1105.0,63.0,169.2
2022-03-26/16:20:09,23.8,1004.0,1105.0,63.0,168.8
2022-03-26/16:20:10,23.8,1004.0,1106.0,54.0,170.2
2022-03-26/16:20:11,23.8,1004.0,1106.0,54.0,170.3
2022-03-26/16:20:12,23.8,1004.0,1106.0,65.0,168.9
2022-03-26/16:20:13,23.8,1004.0,1106.0,65.0,167.8
2022-03-26/16:20:14,23.8,1004.0,1106.0,60.0,168.6
2022-03-26/16:20:15,23.8,1004.0,1106.0,60.0,169.2
2022-03-26/16:20:16,23.8,1004.0,1106.0,65.0,169.2
2022-03-26/16:20:17,23.8,1004.0,1106.0,65.0,169.2
2022-03-26/16:20:19,23.8,1004.0,1106.0,66.0,169.9
2022-03-26/16:20:20,23.8,1004.0,1106.0,66.0,169.2
2022-03-26/16:20:21,23.8,1004.0,1106.0,65.0,168.5
2022-03-26/16:20:22,23.8,1004.0,1106.0,65.0,169.2
2022-03-26/16:20:23,23.8,1004.0,1106.0,65.0,169.2
2022-03-26/16:20:24,23.8,1004.0,1106.0,65.0,169.2
2022-03-26/16:20:25,23.9,1004.0,1113.0,55.0,168.8
2022-03-26/16:20:26,23.9,1004.0,1113.0,55.0,168.8
2022-03-26/16:20:27,23.9,1004.0,1113.0,65.0,170.8
2022-03-26/16:20:28,23.9,1004.0,1113.0,65.0,170.2
2022-03-26/16:20:30,23.9,1004.0,1113.0,65.0,171.2
2022-03-26/16:20:31,23.9,1004.0,1113.0,65.0,171.6
2022-03-26/16:20:32,23.9,1004.0,1113.0,62.0,171.4
2022-03-26/16:20:33,23.9,1004.0,1113.0,62.0,172.0
2022-03-26/16:20:34,23.9,1004.0,1113.0,65.0,172.0
2022-03-26/16:20:35,23.9,1004.0,1113.0,65.0,174.2
2022-03-26/16:20:36,23.9,1004.0,1113.0,63.0,171.7
2022-03-26/16:20:37,23.9,1004.0,1113.0,63.0,170.6
2022-03-26/16:20:38,23.9,1004.0,1113.0,64.0,171.5
2022-03-26/16:20:39,23.9,1004.0,1113.0,64.0,172.3
2022-03-26/16:20:40,23.9,1004.0,1118.0,56.0,171.4
2022-03-26/16:20:42,23.9,1004.0,1118.0,56.0,171.2
2022-03-26/16:20:43,23.9,1004.0,1118.0,64.0,170.8
2022-03-26/16:20:44,23.9,1004.0,1118.0,64.0,170.8
2022-03-26/16:20:45,23.9,1004.0,1118.0,65.0,170.8
2022-03-26/16:20:46,23.9,1004.0,1118.0,65.0,170.8
2022-03-26/16:20:47,23.9,1004.0,1118.0,64.0,170.8
2022-03-26/16:20:48,23.9,1004.0,1118.0,64.0,170.4
2022-03-26/16:20:49,23.9,1004.0,1118.0,65.0,168.3
2022-03-26/16:20:50,23.9,1004.0,1118.0,65.0,168.3
2022-03-26/16:20:52,23.9,1004.0,1118.0,64.0,168.3
2022-03-26/16:20:53,23.9,1004.0,1118.0,64.0,170.6
2022-03-26/16:20:54,23.9,1004.0,1114.0,60.0,168.4
2022-03-26/16:20:55,23.9,1004.0,1114.0,60.0,168.3
2022-03-26/16:20:56,23.9,1004.0,1114.0,60.0,167.6
2022-03-26/16:20:57,23.9,1004.0,1114.0,60.0,167.5
2022-03-26/16:20:58,23.9,1004.0,1114.0,64.0,167.5
2022-03-26/16:20:59,23.9,1004.0,1114.0,64.0,168.0
2022-03-26/16:21:00,23.9,1004.0,1114.0,64.0,167.5
2022-03-26/16:21:01,23.9,1004.0,1114.0,64.0,167.5
2022-03-26/16:21:02,23.9,1004.0,1114.0,65.0,167.4
2022-03-26/16:21:03,23.9,1004.0,1114.0,65.0,167.3
2022-03-26/16:21:05,23.9,1004.0,1114.0,63.0,167.1
2022-03-26/16:21:06,23.9,1004.0,1114.0,63.0,166.7
2022-03-26/16:21:07,23.9,1004.0,1114.0,65.0,168.1
2022-03-26/16:21:08,23.9,1004.0,1114.0,65.0,167.2
2022-03-26/16:21:09,23.9,1004.0,1115.0,60.0,168.1
2022-03-26/16:21:10,23.9,1004.0,1115.0,60.0,169.4
2022-03-26/16:21:11,23.9,1004.0,1115.0,61.0,170.1
2022-03-26/16:21:12,23.9,1004.0,1115.0,61.0,168.4