time,tempce,luftfeucht,co2,laut,hell
2022-01-29/18:58:47,22.34,989.4,2654.0,24.0,165.3125
2022-01-29/18:58:48,22.34,989.4,2654.0,66.08357,165.2083
2022-01-29/18:58:49,22.34,989.4,2654.0,66.08357,165.2083
2022-01-29/18:58:50,22.34,989.4,2654.0,66.08357,165.4167
2022-01-29/18:58:51,22.39,989.3,2648.0,60.39875,165.4167
2022-01-29/18:58:52,22.39,989.3,2648.0,60.39875,165.8333
2022-01-29/18:58:53,22.39,989.3,2648.0,60.39875,165.8333
2022-01-29/18:58:54,22.39,989.3,2648.0,63.48966,165.8333
2022-01-29/18:58:55,22.39,989.3,2648.0,63.48966,166.3542
2022-01-29/18:58:56,22.39,989.3,2648.0,63.48966,166.4583
2022-01-29/18:58:57,22.39,989.3,2648.0,61.68796,165.3125
2022-01-29/18:58:59,22.39,989.3,2648.0,61.68796,164.1666
2022-01-29/18:59:00,22.39,989.3,2648.0,61.68796,164.7917
2022-01-29/18:59:01,22.39,989.3,2648.0,56.18039,165.0
2022-01-29/18:59:02,22.39,989.3,2648.0,56.18039,165.0
2022-01-29/18:59:03,22.39,989.3,2648.0,56.18039,165.0
2022-01-29/18:59:04,22.39,989.3,2648.0,64.08544,164.375
2022-01-29/18:59:05,22.39,989.3,2648.0,64.08544,164.4792
2022-01-29/18:59:06,22.39,989.3,2648.0,64.08544,164.1666
2022-01-29/18:59:07,22.45,989.3,2633.0,58.81079,164.8958
2022-01-29/18:59:08,22.45,989.3,2633.0,58.81079,165.0
2022-01-29/18:59:09,22.45,989.3,2633.0,58.81079,164.2708
2022-01-29/18:59:11,22.45,989.3,2633.0,62.8753,164.2708
2022-01-29/18:59:12,22.45,989.3,2633.0,62.8753,164.7917
2022-01-29/18:59:13,22.45,989.3,2633.0,62.8753,164.6875
2022-01-29/18:59:14,22.45,989.3,2633.0,61.87887,164.7917
2022-01-29/18:59:15,22.45,989.3,2633.0,61.87887,164.5833
2022-01-29/18:59:16,22.45,989.3,2633.0,61.87887,164.8958
2022-01-29/18:59:17,22.45,989.3,2633.0,62.4825,164.7917
2022-01-29/18:59:18,22.45,989.3,2633.0,62.4825,164.4792
2022-01-29/18:59:19,22.45,989.3,2633.0,62.4825,164.1666
2022-01-29/18:59:20,22.45,989.3,2633.0,56.53724,164.6875
2022-01-29/18:59:21,22.45,989.3,2633.0,56.53724,165.0
2022-01-29/18:59:23,22.45,989.3,2633.0,56.53724,164.8958
2022-01-29/18:59:24,22.5,989.2,2625.0,64.13021,164.8958
2022-01-29/18:59:25,22.5,989.2,2625.0,64.13021,164.8958
2022-01-29/18:59:26,22.5,989.2,2625.0,64.13021,164.6875
2022-01-29/18:59:27,22.5,989.2,2625.0,62.38502,164.2708
2022-01-29/18:59:28,22.5,989.2,2625.0,62.38502,164.0625
2022-01-29/18:59:29,22.5,989.2,2625.0,62.38502,165.0
2022-01-29/18:59:30,22.5,989.2,2625.0,62.59363,164.7917
2022-01-29/18:59:31,22.5,989.2,2625.0,62.59363,164.1666
2022-01-29/18:59:32,22.5,989.2,2625.0,62.59363,163.9583
2022-01-29/18:59:33,22.5,989.2,2625.0,66.73466,163.9583
2022-01-29/18:59:35,22.5,989.2,2625.0,66.73466,165.4167
2022-01-29/18:59:36,22.5,989.2,2625.0,66.73466,165.8333
2022-01-29/18:59:37,22.54,989.3,2600.0,57.84891,165.8333
2022-01-29/18:59:38,22.54,989.3,2600.0,57.84891,165.0
2022-01-29/18:59:39,22.54,989.3,2600.0,57.84891,165.4167
2022-01-29/18:59:40,22.54,989.3,2600.0,60.84531,165.625
2022-01-29/18:59:41,22.54,989.3,2600.0,60.84531,165.8333
2022-01-29/18:59:42,22.54,989.3,2600.0,60.84531,165.3125
2022-01-29/18:59:43,22.54,989.3,2600.0,58.85818,165.8333
2022-01-29/18:59:44,22.54,989.3,2600.0,58.85818,165.8333
2022-01-29/18:59:45,22.54,989.3,2600.0,58.85818,165.2083
2022-01-29/18:59:47,22.54,989.3,2600.0,58.21601,165.0
2022-01-29/18:59:48,22.54,989.3,2600.0,58.21601,165.5208
2022-01-29/18:59:49,22.54,989.3,2600.0,58.21601,165.5208
2022-01-29/18:59:50,22.54,989.3,2600.0,56.27181,165.3125
2022-01-29/18:59:51,22.54,989.3,2600.0,56.27181,164.6875
2022-01-29/18:59:52,22.54,989.3,2600.0,56.27181,163.3333
2022-01-29/18:59:53,22.49,988.9999,2524.0,61.22531,163.3333
2022-01-29/18:59:54,22.49,988.9999,2524.0,61.22531,162.3958
2022-01-29/18:59:55,22.49,988.9999,2524.0,61.22531,162.8125
2022-01-29/18:59:56,22.49,988.9999,2524.0,64.08869,163.2292
2022-01-29/18:59:57,22.49,988.9999,2524.0,64.08869,163.3333
2022-01-29/18:59:58,22.49,988.9999,2524.0,64.08869,163.3333
2022-01-29/19:00:00,22.49,988.9999,2524.0,59.55938,163.3333
2022-01-29/19:00:01,22.49,988.9999,2524.0,59.55938,163.3333
2022-01-29/19:00:02,22.49,988.9999,2524.0,59.55938,163.3333
2022-01-29/19:00:03,22.49,988.9999,2524.0,64.7051,163.75
2022-01-29/19:00:04,22.49,988.9999,2524.0,64.7051,164.2708
2022-01-29/19:00:05,22.49,988.9999,2524.0,64.7051,164.5833
2022-01-29/19:00:06,22.43,989.3,2428.0,62.85806,164.2708
2022-01-29/19:00:07,22.43,989.3,2428.0,62.85806,164.375
2022-01-29/19:00:08,22.43,989.3,2428.0,62.85806,164.2708
2022-01-29/19:00:09,22.43,989.3,2428.0,57.44487,164.1666
2022-01-29/19:00:10,22.43,989.3,2428.0,57.44487,164.2708
2022-01-29/19:00:12,22.43,989.3,2428.0,57.44487,164.2708
2022-01-29/19:00:13,22.43,989.3,2428.0,64.22172,164.1666
2022-01-29/19:00:14,22.43,989.3,2428.0,64.22172,164.1666
2022-01-29/19:00:15,22.43,989.3,2428.0,64.22172,164.1666
2022-01-29/19:00:16,22.43,989.3,2428.0,66.86275,164.1666
2022-01-29/19:00:17,22.43,989.3,2428.0,66.86275,164.1666
2022-01-29/19:00:18,22.43,989.3,2428.0,66.86275,164.1666
2022-01-29/19:00:19,22.43,989.3,2428.0,61.42636,164.1666
2022-01-29/19:00:20,22.43,989.3,2428.0,61.42636,164.1666
2022-01-29/19:00:21,22.43,989.3,2428.0,61.42636,164.1666
2022-01-29/19:00:22,22.41,989.1,2337.0,57.86034,164.1666
2022-01-29/19:00:24,22.41,989.1,2337.0,57.86034,164.1666
2022-01-29/19:00:25,22.41,989.1,2337.0,57.86034,164.1666
2022-01-29/19:00:26,22.41,989.1,2337.0,63.94899,164.1666
2022-01-29/19:00:27,22.41,989.1,2337.0,63.94899,164.1666
2022-01-29/19:00:28,22.41,989.1,2337.0,63.94899,164.1666
2022-01-29/19:00:29,22.41,989.1,2337.0,58.70207,163.9583
2022-01-29/19:00:30,22.41,989.1,2337.0,58.70207,163.3333
2022-01-29/19:00:31,22.41,989.1,2337.0,58.70207,162.7083
2022-01-29/19:00:32,22.41,989.1,2337.0,61.61905,162.9167
2022-01-29/19:00:33,22.41,989.1,2337.0,61.61905,163.2292
2022-01-29/19:00:34,22.41,989.1,2337.0,61.61905,163.3333
2022-01-29/19:00:36,22.35,989.3,2259.0,64.88744,163.3333
2022-01-29/19:00:37,22.35,989.3,2259.0,64.88744,163.3333
2022-01-29/19:00:38,22.35,989.3,2259.0,64.88744,163.3333
2022-01-29/19:00:39,22.35,989.3,2259.0,58.00789,163.3333
2022-01-29/19:00:40,22.35,989.3,2259.0,58.00789,163.3333
2022-01-29/19:00:41,22.35,989.3,2259.0,58.00789,163.4375
2022-01-29/19:00:42,22.35,989.3,2259.0,61.01056,163.3333
2022-01-29/19:00:43,22.35,989.3,2259.0,61.01056,163.3333
2022-01-29/19:00:44,22.35,989.3,2259.0,61.01056,163.4375
2022-01-29/19:00:45,22.35,989.3,2259.0,61.44804,163.5417
2022-01-29/19:00:46,22.35,989.3,2259.0,61.44804,163.4375
2022-01-29/19:00:48,22.35,989.3,2259.0,61.44804,163.8542
2022-01-29/19:00:49,22.35,989.3,2259.0,62.62749,163.8542
2022-01-29/19:00:50,22.35,989.3,2259.0,62.62749,163.5417
2022-01-29/19:00:51,22.35,989.3,2259.0,62.62749,163.8541
2022-01-29/19:00:52,22.3,989.1,2186.0,57.1157,164.1666
2022-01-29/19:00:53,22.3,989.1,2186.0,57.1157,163.4375
2022-01-29/19:00:54,22.3,989.1,2186.0,57.1157,163.6458
2022-01-29/19:00:55,22.3,989.1,2186.0,60.99403,163.6458
2022-01-29/19:00:56,22.3,989.1,2186.0,60.99403,163.5417
2022-01-29/19:00:57,22.3,989.1,2186.0,60.99403,162.7083
2022-01-29/19:00:58,22.3,989.1,2186.0,60.23633,163.3333
2022-01-29/19:01:00,22.3,989.1,2186.0,60.23633,163.3333
2022-01-29/19:01:01,22.3,989.1,2186.0,60.23633,163.3333
2022-01-29/19:01:02,22.3,989.1,2186.0,66.89996,163.3333
2022-01-29/19:01:03,22.3,989.1,2186.0,66.89996,163.3333
2022-01-29/19:01:04,22.3,989.1,2186.0,66.89996,163.3333
2022-01-29/19:01:05,22.3,989.1,2186.0,62.7262,163.3333
2022-01-29/19:01:06,22.3,989.1,2186.0,62.7262,163.3333
2022-01-29/19:01:07,22.3,989.1,2186.0,62.7262,163.3333
2022-01-29/19:01:08,22.31,989.3,2109.0,57.48786,163.3333
2022-01-29/19:01:09,22.31,989.3,2109.0,57.48786,163.3333
2022-01-29/19:01:10,22.31,989.3,2109.0,57.48786,163.3333
2022-01-29/19:01:12,22.31,989.3,2109.0,60.97367,163.3333
2022-01-29/19:01:13,22.31,989.3,2109.0,60.97367,163.3333
2022-01-29/19:01:14,22.31,989.3,2109.0,60.97367,163.3333
2022-01-29/19:01:15,22.31,989.3,2109.0,56.3734,163.3333
2022-01-29/19:01:16,22.31,989.3,2109.0,56.3734,163.2292
2022-01-29/19:01:17,22.31,989.3,2109.0,56.3734,163.3333
2022-01-29/19:01:18,22.31,989.3,2109.0,61.57748,163.3333
2022-01-29/19:01:19,22.31,989.3,2109.0,61.57748,163.3333
2022-01-29/19:01:20,22.31,989.3,2109.0,61.57748,163.3333
2022-01-29/19:01:21,22.26,989.3,2030.0,54.63585,163.3333
2022-01-29/19:01:22,22.26,989.3,2030.0,54.63585,163.3333
2022-01-29/19:01:24,22.26,989.3,2030.0,54.63585,163.3333
2022-01-29/19:01:25,22.26,989.3,2030.0,56.13326,163.3333
2022-01-29/19:01:26,22.26,989.3,2030.0,56.13326,163.3333
2022-01-29/19:01:27,22.26,989.3,2030.0,56.13326,163.2292
2022-01-29/19:01:28,22.26,989.3,2030.0,64.30953,163.3333
2022-01-29/19:01:29,22.26,989.3,2030.0,64.30953,163.3333
2022-01-29/19:01:30,22.26,989.3,2030.0,64.30953,163.3333
2022-01-29/19:01:31,22.26,989.3,2030.0,68.56834,163.3333
2022-01-29/19:01:32,22.26,989.3,2030.0,68.56834,163.3333
2022-01-29/19:01:33,22.26,989.3,2030.0,68.56834,163.3333
2022-01-29/19:01:34,22.26,989.3,2030.0,56.95116,163.3333
2022-01-29/19:01:36,22.26,989.3,2030.0,56.95116,163.3333
2022-01-29/19:01:37,22.26,989.3,2030.0,56.95116,163.3333
2022-01-29/19:01:38,22.2,989.3,1963.0,56.03054,163.3333
2022-01-29/19:01:39,22.2,989.3,1963.0,56.03054,163.3333
2022-01-29/19:01:40,22.2,989.3,1963.0,56.03054,163.3333
2022-01-29/19:01:41,22.2,989.3,1963.0,61.56354,163.3333
2022-01-29/19:01:42,22.2,989.3,1963.0,61.56354,163.3333
2022-01-29/19:01:43,22.2,989.3,1963.0,61.56354,163.3333
2022-01-29/19:01:44,22.2,989.3,1963.0,65.0836,163.3333
2022-01-29/19:01:45,22.2,989.3,1963.0,65.0836,163.3333
2022-01-29/19:01:46,22.2,989.3,1963.0,65.0836,163.3333
2022-01-29/19:01:47,22.2,989.3,1963.0,61.10746,163.3333
2022-01-29/19:01:49,22.2,989.3,1963.0,61.10746,163.3333
2022-01-29/19:01:50,22.2,989.3,1963.0,61.10746,163.3333
2022-01-29/19:01:51,22.15,989.2,1887.0,61.38589,163.3333
2022-01-29/19:01:52,22.15,989.2,1887.0,61.38589,163.3333
2022-01-29/19:01:53,22.15,989.2,1887.0,61.38589,163.3333
2022-01-29/19:01:54,22.15,989.2,1887.0,56.35431,163.3333
2022-01-29/19:01:55,22.15,989.2,1887.0,56.35431,163.3333
2022-01-29/19:01:56,22.15,989.2,1887.0,56.35431,163.3333
2022-01-29/19:01:57,22.15,989.2,1887.0,50.56398,163.3333
2022-01-29/19:01:58,22.15,989.2,1887.0,50.56398,163.3333
2022-01-29/19:01:59,22.15,989.2,1887.0,50.56398,163.3333
2022-01-29/19:02:01,22.15,989.2,1887.0,58.6281,163.3333
2022-01-29/19:02:02,22.15,989.2,1887.0,58.6281,163.3333
2022-01-29/19:02:03,22.15,989.2,1887.0,58.6281,163.3333
2022-01-29/19:02:04,22.15,989.2,1887.0,54.07662,163.3333
2022-01-29/19:02:05,22.15,989.2,1887.0,54.07662,163.3333
2022-01-29/19:02:06,22.15,989.2,1887.0,54.07662,163.3333
2022-01-29/19:02:07,22.1,989.2,1814.0,47.52033,163.3333
2022-01-29/19:02:08,22.1,989.2,1814.0,47.52033,163.3333
2022-01-29/19:02:09,22.1,989.2,1814.0,47.52033,163.3333
2022-01-29/19:02:10,22.1,989.2,1814.0,52.02795,163.3333
2022-01-29/19:02:11,22.1,989.2,1814.0,52.02795,163.3333
2022-01-29/19:02:13,22.1,989.2,1814.0,52.02795,163.3333
2022-01-29/19:02:14,22.1,989.2,1814.0,61.55895,163.3333
2022-01-29/19:02:15,22.1,989.2,1814.0,61.55895,163.3333
2022-01-29/19:02:16,22.1,989.2,1814.0,61.55895,163.3333
2022-01-29/19:02:17,22.1,989.2,1814.0,58.71541,163.2292
2022-01-29/19:02:18,22.1,989.2,1814.0,58.71541,163.125
2022-01-29/19:02:19,22.1,989.2,1814.0,58.71541,163.3333
2022-01-29/19:02:20,22.1,989.2,1814.0,66.47066,163.3333
2022-01-29/19:02:21,22.1,989.2,1814.0,66.47066,163.125
2022-01-29/19:02:22,22.1,989.2,1814.0,66.47066,163.0208
2022-01-29/19:02:23,22.05,989.2,1740.0,46.21904,163.0208
2022-01-29/19:02:25,22.05,989.2,1740.0,46.21904,162.8125
2022-01-29/19:02:26,22.05,989.2,1740.0,46.21904,162.5
2022-01-29/19:02:27,22.05,989.2,1740.0,61.46175,162.5
2022-01-29/19:02:28,22.05,989.2,1740.0,61.46175,162.6042
2022-01-29/19:02:29,22.05,989.2,1740.0,61.46175,162.6042
2022-01-29/19:02:30,22.05,989.2,1740.0,64.60088,162.5
2022-01-29/19:02:31,22.05,989.2,1740.0,64.60088,162.6042
2022-01-29/19:02:32,22.05,989.2,1740.0,64.60088,162.8125
2022-01-29/19:02:33,22.05,989.2,1740.0,64.97101,163.0208
2022-01-29/19:02:34,22.05,989.2,1740.0,64.97101,162.7083
2022-01-29/19:02:35,22.05,989.2,1740.0,64.97101,162.5
2022-01-29/19:02:37,22.01,989.4,1684.0,55.32611,162.6042
2022-01-29/19:02:38,22.01,989.4,1684.0,55.32611,162.7083
2022-01-29/19:02:39,22.01,989.4,1684.0,55.32611,162.7083
2022-01-29/19:02:40,22.01,989.4,1684.0,60.57081,162.7083
2022-01-29/19:02:41,22.01,989.4,1684.0,60.57081,162.7083
2022-01-29/19:02:42,22.01,989.4,1684.0,60.57081,162.3958
2022-01-29/19:02:43,22.01,989.4,1684.0,58.98268,161.4583
2022-01-29/19:02:44,22.01,989.4,1684.0,58.98268,160.8333
2022-01-29/19:02:45,22.01,989.4,1684.0,58.98268,161.25
2022-01-29/19:02:46,22.01,989.4,1684.0,58.61301,162.0833
2022-01-29/19:02:47,22.01,989.4,1684.0,58.61301,161.6666
2022-01-29/19:02:49,22.01,989.4,1684.0,58.61301,161.7708
2022-01-29/19:02:50,22.01,989.4,1684.0,62.25351,161.6666
2022-01-29/19:02:51,22.01,989.4,1684.0,62.25351,161.6666
2022-01-29/19:02:52,22.01,989.4,1684.0,62.25351,161.0417
2022-01-29/19:02:53,22.02,989.2,1645.0,51.22906,160.625
2022-01-29/19:02:54,22.02,989.2,1645.0,51.22906,160.1042
2022-01-29/19:02:55,22.02,989.2,1645.0,51.22906,150.4167
2022-01-29/19:02:56,22.02,989.2,1645.0,52.61753,45.625
2022-01-29/19:02:57,22.02,989.2,1645.0,52.61753,65.41667
2022-01-29/19:02:58,22.02,989.2,1645.0,52.61753,106.4583
2022-01-29/19:02:59,22.02,989.2,1645.0,61.87818,82.81249
2022-01-29/19:03:01,22.02,989.2,1645.0,61.87818,113.6458
2022-01-29/19:03:02,22.02,989.2,1645.0,61.87818,161.9792
2022-01-29/19:03:03,22.02,989.2,1645.0,49.24234,162.6042
2022-01-29/19:03:04,22.02,989.2,1645.0,49.24234,162.5
2022-01-29/19:03:05,22.02,989.2,1645.0,49.24234,162.0833
2022-01-29/19:03:06,21.92,989.2,1597.0,58.42775,162.9167
2022-01-29/19:03:07,21.92,989.2,1597.0,58.42775,163.3333
2022-01-29/19:03:08,21.92,989.2,1597.0,58.42775,163.3333
2022-01-29/19:03:09,21.92,989.2,1597.0,58.12269,163.3333
2022-01-29/19:03:10,21.92,989.2,1597.0,58.12269,162.9167
2022-01-29/19:03:11,21.92,989.2,1597.0,58.12269,162.7083
2022-01-29/19:03:13,21.92,989.2,1597.0,61.19789,162.6042
2022-01-29/19:03:14,21.92,989.2,1597.0,61.19789,163.2292
2022-01-29/19:03:15,21.92,989.2,1597.0,61.19789,163.3333
2022-01-29/19:03:16,21.92,989.2,1597.0,53.28246,163.2292
2022-01-29/19:03:17,21.92,989.2,1597.0,53.28246,162.8125
2022-01-29/19:03:18,21.92,989.2,1597.0,53.28246,163.125
2022-01-29/19:03:19,21.92,989.2,1597.0,66.87146,162.8125
2022-01-29/19:03:20,21.92,989.2,1597.0,66.87146,162.7083
2022-01-29/19:03:21,21.92,989.2,1597.0,66.87146,162.6042
2022-01-29/19:03:22,21.91,989.2,1534.0,55.67537,162.5
2022-01-29/19:03:23,21.91,989.2,1534.0,55.67537,162.6042
2022-01-29/19:03:24,21.91,989.2,1534.0,55.67537,162.5
2022-01-29/19:03:26,21.91,989.2,1534.0,62.18684,162.7083
2022-01-29/19:03:27,21.91,989.2,1534.0,62.18684,162.6042
2022-01-29/19:03:28,21.91,989.2,1534.0,62.18684,162.7083
2022-01-29/19:03:29,21.91,989.2,1534.0,60.7527,162.8125
2022-01-29/19:03:30,21.91,989.2,1534.0,60.7527,162.9167
2022-01-29/19:03:31,21.91,989.2,1534.0,60.7527,163.0208
2022-01-29/19:03:32,21.91,989.2,1534.0,56.47269,162.5
2022-01-29/19:03:33,21.91,989.2,1534.0,56.47269,162.6042
2022-01-29/19:03:34,21.91,989.2,1534.0,56.47269,162.6042
2022-01-29/19:03:35,21.91,989.2,1534.0,55.00649,162.6042
2022-01-29/19:03:36,21.91,989.2,1534.0,55.00649,162.7083
2022-01-29/19:03:38,21.91,989.2,1534.0,55.00649,162.9167
2022-01-29/19:03:39,21.82,989.2,1475.0,53.80803,162.7083
2022-01-29/19:03:40,21.82,989.2,1475.0,53.80803,162.7083
2022-01-29/19:03:41,21.82,989.2,1475.0,53.80803,162.6042
2022-01-29/19:03:42,21.82,989.2,1475.0,59.35491,162.5
2022-01-29/19:03:43,21.82,989.2,1475.0,59.35491,162.5
2022-01-29/19:03:44,21.82,989.2,1475.0,59.35491,162.7083
2022-01-29/19:03:45,21.82,989.2,1475.0,63.4979,162.7083
2022-01-29/19:03:46,21.82,989.2,1475.0,63.4979,162.5
2022-01-29/19:03:47,21.82,989.2,1475.0,63.4979,162.5
2022-01-29/19:03:48,21.82,989.2,1475.0,62.69908,162.5
2022-01-29/19:03:50,21.82,989.2,1475.0,62.69908,162.5
2022-01-29/19:03:51,21.82,989.2,1475.0,62.69908,162.6042
2022-01-29/19:03:52,21.76,989.2,1427.0,54.47464,162.6042
2022-01-29/19:03:53,21.76,989.2,1427.0,54.47464,162.5
2022-01-29/19:03:54,21.76,989.2,1427.0,54.47464,162.6042
2022-01-29/19:03:55,21.76,989.2,1427.0,62.27901,162.8125
2022-01-29/19:03:56,21.76,989.2,1427.0,62.27901,162.6042
2022-01-29/19:03:57,21.76,989.2,1427.0,62.27901,162.5
2022-01-29/19:03:58,21.76,989.2,1427.0,59.84093,162.5
2022-01-29/19:03:59,21.76,989.2,1427.0,59.84093,162.5
2022-01-29/19:04:00,21.76,989.2,1427.0,59.84093,162.5
2022-01-29/19:04:02,21.76,989.2,1427.0,63.02331,162.5
2022-01-29/19:04:03,21.76,989.2,1427.0,63.02331,162.3958
2022-01-29/19:04:04,21.76,989.2,1427.0,63.02331,162.5
2022-01-29/19:04:05,21.76,989.2,1427.0,67.30779,162.6042
2022-01-29/19:04:06,21.76,989.2,1427.0,67.30779,161.7708
2022-01-29/19:04:07,21.76,989.2,1427.0,67.30779,162.5
2022-01-29/19:04:08,21.7,989.2,1386.0,56.88323,161.875
2022-01-29/19:04:09,21.7,989.2,1386.0,56.88323,162.0833
2022-01-29/19:04:10,21.7,989.2,1386.0,56.88323,162.9167
2022-01-29/19:04:11,21.7,989.2,1386.0,67.02351,163.3333
2022-01-29/19:04:12,21.7,989.2,1386.0,67.02351,163.3333
2022-01-29/19:04:14,21.7,989.2,1386.0,67.02351,163.3333
2022-01-29/19:04:15,21.7,989.2,1386.0,64.55465,163.3333
2022-01-29/19:04:16,21.7,989.2,1386.0,64.55465,163.3333
2022-01-29/19:04:17,21.7,989.2,1386.0,64.55465,163.3333
2022-01-29/19:04:18,21.7,989.2,1386.0,62.60674,163.3333
2022-01-29/19:04:19,21.7,989.2,1386.0,62.60674,163.3333
2022-01-29/19:04:20,21.7,989.2,1386.0,62.60674,162.8125
2022-01-29/19:04:21,21.7,989.2,1347.0,61.5859,162.7083
2022-01-29/19:04:22,21.7,989.2,1347.0,61.5859,162.9167
2022-01-29/19:04:23,21.7,989.2,1347.0,61.5859,162.8125
2022-01-29/19:04:24,21.7,989.2,1347.0,62.84108,162.6042
2022-01-29/19:04:26,21.7,989.2,1347.0,62.84108,162.6042
2022-01-29/19:04:27,21.7,989.2,1347.0,62.84108,162.5
2022-01-29/19:04:28,21.7,989.2,1347.0,59.36226,162.5
2022-01-29/19:04:29,21.7,989.2,1347.0,59.36226,162.5
2022-01-29/19:04:30,21.7,989.2,1347.0,59.36226,162.7083
2022-01-29/19:04:31,21.7,989.2,1347.0,56.73286,162.7083
2022-01-29/19:04:32,21.7,989.2,1347.0,56.73286,162.6042
2022-01-29/19:04:33,21.7,989.2,1347.0,56.73286,162.7083
2022-01-29/19:04:34,21.7,989.2,1347.0,57.90111,163.0208
2022-01-29/19:04:35,21.7,989.2,1347.0,57.90111,163.125
2022-01-29/19:04:36,21.7,989.2,1347.0,57.90111,162.8125
2022-01-29/19:04:38,21.67,989.3,1303.0,64.66592,162.7083
2022-01-29/19:04:39,21.67,989.3,1303.0,64.66592,162.7083
2022-01-29/19:04:40,21.67,989.3,1303.0,64.66592,162.9167
2022-01-29/19:04:41,21.67,989.3,1303.0,64.27421,163.125
2022-01-29/19:04:42,21.67,989.3,1303.0,64.27421,163.0208
2022-01-29/19:04:43,21.67,989.3,1303.0,64.27421,162.9167
2022-01-29/19:04:44,21.67,989.3,1303.0,61.54817,162.7083
2022-01-29/19:04:45,21.67,989.3,1303.0,61.54817,162.8125
2022-01-29/19:04:46,21.67,989.3,1303.0,61.54817,163.0208
2022-01-29/19:04:47,21.67,989.3,1303.0,58.05476,162.5
2022-01-29/19:04:48,21.67,989.3,1303.0,58.05476,163.125
2022-01-29/19:04:50,21.67,989.3,1303.0,58.05476,163.2292
2022-01-29/19:04:51,21.65,989.3,1273.0,55.31731,163.2292
2022-01-29/19:04:52,21.65,989.3,1273.0,55.31731,163.3333
2022-01-29/19:04:53,21.65,989.3,1273.0,55.31731,162.9167
2022-01-29/19:04:54,21.65,989.3,1273.0,58.23133,162.8125
2022-01-29/19:04:55,21.65,989.3,1273.0,58.23133,162.6042
2022-01-29/19:04:56,21.65,989.3,1273.0,58.23133,162.6042
2022-01-29/19:04:57,21.65,989.3,1273.0,63.55592,162.7083
2022-01-29/19:04:58,21.65,989.3,1273.0,63.55592,162.5
2022-01-29/19:04:59,21.65,989.3,1273.0,63.55592,162.7083
2022-01-29/19:05:00,21.65,989.3,1273.0,62.06906,162.6042
2022-01-29/19:05:02,21.65,989.3,1273.0,62.06906,162.7083
2022-01-29/19:05:03,21.65,989.3,1273.0,62.06906,163.2292
2022-01-29/19:05:04,21.65,989.3,1273.0,54.78131,163.3333
2022-01-29/19:05:05,21.65,989.3,1273.0,54.78131,162.6042
2022-01-29/19:05:06,21.65,989.3,1273.0,54.78131,162.5
2022-01-29/19:05:07,21.65,989.3,1259.0,53.87158,163.0208
2022-01-29/19:05:08,21.65,989.3,1259.0,53.87158,162.8125
2022-01-29/19:05:09,21.65,989.3,1259.0,53.87158,162.7083
2022-01-29/19:05:10,21.65,989.3,1259.0,62.90684,162.8125
2022-01-29/19:05:11,21.65,989.3,1259.0,62.90684,162.5
2022-01-29/19:05:12,21.65,989.3,1259.0,62.90684,162.6042
2022-01-29/19:05:13,21.65,989.3,1259.0,63.84551,162.5
2022-01-29/19:05:15,21.65,989.3,1259.0,63.84551,162.6042
2022-01-29/19:05:16,21.65,989.3,1259.0,63.84551,162.7083
2022-01-29/19:05:17,21.65,989.3,1259.0,61.31569,162.6042
2022-01-29/19:05:18,21.65,989.3,1259.0,61.31569,162.5
2022-01-29/19:05:19,21.65,989.3,1259.0,61.31569,162.5
2022-01-29/19:05:20,21.65,989.3,1259.0,67.45477,162.5
2022-01-29/19:05:21,21.65,989.3,1259.0,67.45477,162.5
2022-01-29/19:05:22,21.65,989.3,1259.0,67.45477,162.5
2022-01-29/19:05:23,21.63,989.2,1232.0,50.94052,162.5
2022-01-29/19:05:24,21.63,989.2,1232.0,50.94052,162.5
2022-01-29/19:05:25,21.63,989.2,1232.0,50.94052,162.8125
2022-01-29/19:05:27,21.63,989.2,1232.0,65.54261,162.7083
2022-01-29/19:05:28,21.63,989.2,1232.0,65.54261,162.6042
2022-01-29/19:05:29,21.63,989.2,1232.0,65.54261,162.5
2022-01-29/19:05:30,21.63,989.2,1232.0,60.57935,162.8125
2022-01-29/19:05:31,21.63,989.2,1232.0,60.57935,162.7083
2022-01-29/19:05:32,21.63,989.2,1232.0,60.57935,162.7083
2022-01-29/19:05:33,21.63,989.2,1232.0,58.61177,162.6042
2022-01-29/19:05:34,21.63,989.2,1232.0,58.61177,162.7083
2022-01-29/19:05:35,21.63,989.2,1232.0,58.61177,162.8125
2022-01-29/19:05:36,21.58,989.1,1192.0,52.41914,162.7083
2022-01-29/19:05:37,21.58,989.1,1192.0,52.41914,162.9167
2022-01-29/19:05:39,21.58,989.1,1192.0,52.41914,163.0208
2022-01-29/19:05:40,21.58,989.1,1192.0,61.05765,163.2292
2022-01-29/19:05:41,21.58,989.1,1192.0,61.05765,162.7083
2022-01-29/19:05:42,21.58,989.1,1192.0,61.05765,162.9167
2022-01-29/19:05:43,21.58,989.1,1192.0,60.35305,162.7083
2022-01-29/19:05:44,21.58,989.1,1192.0,60.35305,163.0208
2022-01-29/19:05:45,21.58,989.1,1192.0,60.35305,163.2292
2022-01-29/19:05:46,21.58,989.1,1192.0,60.22056,162.7083
2022-01-29/19:05:47,21.58,989.1,1192.0,60.22056,162.5
2022-01-29/19:05:48,21.58,989.1,1192.0,60.22056,162.1875
2022-01-29/19:05:49,21.58,989.1,1192.0,64.7931,161.4583
2022-01-29/19:05:51,21.58,989.1,1192.0,64.7931,161.4583
2022-01-29/19:05:52,21.58,989.1,1192.0,64.7931,162.2917
2022-01-29/19:05:53,21.63,989.2,1168.0,59.02046,162.3958
2022-01-29/19:05:54,21.63,989.2,1168.0,59.02046,162.5
2022-01-29/19:05:55,21.63,989.2,1168.0,59.02046,162.5
2022-01-29/19:05:56,21.63,989.2,1168.0,66.24111,162.5
2022-01-29/19:05:57,21.63,989.2,1168.0,66.24111,162.5
2022-01-29/19:05:58,21.63,989.2,1168.0,66.24111,162.5
2022-01-29/19:05:59,21.63,989.2,1168.0,60.06502,162.5
2022-01-29/19:06:00,21.63,989.2,1168.0,60.06502,162.5
2022-01-29/19:06:01,21.63,989.2,1168.0,60.06502,162.5
2022-01-29/19:06:03,21.63,989.2,1168.0,61.45641,162.7083
2022-01-29/19:06:04,21.63,989.2,1168.0,61.45641,162.5
2022-01-29/19:06:05,21.63,989.2,1168.0,61.45641,162.7083
2022-01-29/19:06:06,21.66,989.3,1138.0,59.63338,162.5
2022-01-29/19:06:07,21.66,989.3,1138.0,59.63338,162.5
2022-01-29/19:06:08,21.66,989.3,1138.0,59.63338,162.7083
2022-01-29/19:06:09,21.66,989.3,1138.0,58.37414,162.9167
2022-01-29/19:06:10,21.66,989.3,1138.0,58.37414,162.8125
2022-01-29/19:06:11,21.66,989.3,1138.0,58.37414,163.0208
2022-01-29/19:06:12,21.66,989.3,1138.0,57.08189,162.9167
2022-01-29/19:06:13,21.66,989.3,1138.0,57.08189,162.5
2022-01-29/19:06:15,21.66,989.3,1138.0,57.08189,162.7083
2022-01-29/19:06:16,21.66,989.3,1138.0,59.18554,162.5
2022-01-29/19:06:17,21.66,989.3,1138.0,59.18554,162.5
2022-01-29/19:06:18,21.66,989.3,1138.0,59.18554,162.5
2022-01-29/19:06:19,21.66,989.3,1138.0,59.91612,162.7083
2022-01-29/19:06:20,21.66,989.3,1138.0,59.91612,162.7083
2022-01-29/19:06:21,21.66,989.3,1138.0,59.91612,162.6042
2022-01-29/19:06:22,21.64,989.3,1109.0,53.70986,161.875
2022-01-29/19:06:23,21.64,989.3,1109.0,53.70986,161.6666
2022-01-29/19:06:24,21.64,989.3,1109.0,53.70986,161.6666
2022-01-29/19:06:25,21.64,989.3,1109.0,60.20707,161.6666
2022-01-29/19:06:27,21.64,989.3,1109.0,60.20707,161.6666
2022-01-29/19:06:28,21.64,989.3,1109.0,60.20707,161.6666
2022-01-29/19:06:29,21.64,989.3,1109.0,55.8868,161.9792
2022-01-29/19:06:30,21.64,989.3,1109.0,55.8868,161.7708
2022-01-29/19:06:31,21.64,989.3,1109.0,55.8868,162.0833
2022-01-29/19:06:32,21.64,989.3,1109.0,64.48878,161.7708
2022-01-29/19:06:33,21.64,989.3,1109.0,64.48878,162.2917
2022-01-29/19:06:34,21.64,989.3,1109.0,64.48878,161.7708
2022-01-29/19:06:35,21.64,989.3,1109.0,53.93302,162.5
2022-01-29/19:06:36,21.64,989.3,1109.0,53.93302,161.9792
2022-01-29/19:06:37,21.64,989.3,1109.0,53.93302,162.6042
2022-01-29/19:06:39,21.63,989.1,1079.0,55.35052,162.5
2022-01-29/19:06:40,21.63,989.1,1079.0,55.35052,162.5
2022-01-29/19:06:41,21.63,989.1,1079.0,55.35052,162.7083
2022-01-29/19:06:42,21.63,989.1,1079.0,62.17924,162.2917
2022-01-29/19:06:43,21.63,989.1,1079.0,62.17924,162.1875
2022-01-29/19:06:44,21.63,989.1,1079.0,62.17924,162.3958
2022-01-29/19:06:45,21.63,989.1,1079.0,59.71836,162.5
2022-01-29/19:06:46,21.63,989.1,1079.0,59.71836,162.6042
2022-01-29/19:06:47,21.63,989.1,1079.0,59.71836,162.5
2022-01-29/19:06:48,21.63,989.1,1079.0,66.52059,162.7083
2022-01-29/19:06:49,21.63,989.1,1079.0,66.52059,163.125
2022-01-29/19:06:50,21.63,989.1,1079.0,66.52059,163.3333
2022-01-29/19:06:52,21.6,989.2,1048.0,57.35887,163.3333
2022-01-29/19:06:53,21.6,989.2,1048.0,57.35887,163.3333
2022-01-29/19:06:54,21.6,989.2,1048.0,57.35887,162.9167
2022-01-29/19:06:55,21.6,989.2,1048.0,64.81579,162.5
2022-01-29/19:06:56,21.6,989.2,1048.0,64.81579,162.2917
2022-01-29/19:06:57,21.6,989.2,1048.0,64.81579,162.2917
2022-01-29/19:06:58,21.6,989.2,1048.0,63.36674,161.9792
2022-01-29/19:06:59,21.6,989.2,1048.0,63.36674,162.1875
2022-01-29/19:07:00,21.6,989.2,1048.0,63.36674,161.875
2022-01-29/19:07:01,21.6,989.2,1048.0,65.60197,161.875
2022-01-29/19:07:02,21.6,989.2,1048.0,65.60197,162.5
2022-01-29/19:07:04,21.6,989.2,1048.0,65.60197,162.8125
2022-01-29/19:07:05,21.6,989.2,1048.0,66.21992,161.5625
2022-01-29/19:07:06,21.6,989.2,1048.0,66.21992,100.7292
2022-01-29/19:07:07,21.6,989.2,1048.0,66.21992,149.7917
2022-01-29/19:07:08,21.63,989.2,1030.0,67.36841,160.7292
2022-01-29/19:07:09,21.63,989.2,1030.0,67.36841,159.8958
2022-01-29/19:07:10,21.63,989.2,1030.0,67.36841,159.375
2022-01-29/19:07:11,21.63,989.2,1030.0,53.99724,159.7917
2022-01-29/19:07:12,21.63,989.2,1030.0,53.99724,159.5833
2022-01-29/19:07:13,21.63,989.2,1030.0,53.99724,159.6875
2022-01-29/19:07:14,21.63,989.2,1030.0,55.44616,159.7917
2022-01-29/19:07:16,21.63,989.2,1030.0,55.44616,160.0
2022-01-29/19:07:17,21.63,989.2,1030.0,55.44616,159.7917
2022-01-29/19:07:18,21.63,989.2,1030.0,62.09329,160.0
2022-01-29/19:07:19,21.63,989.2,1030.0,62.09329,159.6875
2022-01-29/19:07:20,21.63,989.2,1030.0,62.09329,159.7917
2022-01-29/19:07:21,21.65,989.2,1020.0,57.9599,159.1666
2022-01-29/19:07:22,21.65,989.2,1020.0,57.9599,159.1666
2022-01-29/19:07:23,21.65,989.2,1020.0,57.9599,159.1666
2022-01-29/19:07:24,21.65,989.2,1020.0,57.69333,159.2708
2022-01-29/19:07:25,21.65,989.2,1020.0,57.69333,159.1666
2022-01-29/19:07:26,21.65,989.2,1020.0,57.69333,159.4792
2022-01-29/19:07:28,21.65,989.2,1020.0,64.69448,159.8958
2022-01-29/19:07:29,21.65,989.2,1020.0,64.69448,160.0
2022-01-29/19:07:30,21.65,989.2,1020.0,64.69448,160.0
2022-01-29/19:07:31,21.65,989.2,1020.0,65.87368,160.0
2022-01-29/19:07:32,21.65,989.2,1020.0,65.87368,160.0
2022-01-29/19:07:33,21.65,989.2,1020.0,65.87368,160.2083
2022-01-29/19:07:34,21.65,989.2,1020.0,61.05937,160.1042
2022-01-29/19:07:35,21.65,989.2,1020.0,61.05937,160.0
2022-01-29/19:07:36,21.65,989.2,1020.0,61.05937,160.3125
2022-01-29/19:07:37,21.67,989.1,1004.0,52.23985,160.1042
2022-01-29/19:07:38,21.67,989.1,1004.0,52.23985,160.0
2022-01-29/19:07:40,21.67,989.1,1004.0,52.23985,160.625
2022-01-29/19:07:41,21.67,989.1,1004.0,60.31604,160.0
2022-01-29/19:07:42,21.67,989.1,1004.0,60.31604,160.2083
2022-01-29/19:07:43,21.67,989.1,1004.0,60.31604,160.1042
2022-01-29/19:07:44,21.67,989.1,1004.0,64.79019,160.2083
2022-01-29/19:07:45,21.67,989.1,1004.0,64.79019,160.4167
2022-01-29/19:07:46,21.67,989.1,1004.0,64.79019,160.5208
2022-01-29/19:07:47,21.67,989.1,1004.0,55.31294,160.3125
2022-01-29/19:07:48,21.67,989.1,1004.0,55.31294,160.4167
2022-01-29/19:07:49,21.67,989.1,1004.0,55.31294,160.0
2022-01-29/19:07:50,21.67,989.1,1004.0,62.89136,160.1042
2022-01-29/19:07:52,21.67,989.1,1004.0,62.89136,160.1042
2022-01-29/19:07:53,21.67,989.1,1004.0,62.89136,160.625
2022-01-29/19:07:54,21.68,988.9999,990.0,55.30563,160.1042
2022-01-29/19:07:55,21.68,988.9999,990.0,55.30563,160.1042
2022-01-29/19:07:56,21.68,988.9999,990.0,55.30563,160.1042
2022-01-29/19:07:57,21.68,988.9999,990.0,64.39478,160.1042
2022-01-29/19:07:58,21.68,988.9999,990.0,64.39478,160.3125
2022-01-29/19:07:59,21.68,988.9999,990.0,64.39478,160.5208
2022-01-29/19:08:00,21.68,988.9999,990.0,65.71047,160.625
2022-01-29/19:08:01,21.68,988.9999,990.0,65.71047,160.1042
2022-01-29/19:08:02,21.68,988.9999,990.0,65.71047,160.1042
2022-01-29/19:08:04,21.68,988.9999,990.0,63.58754,160.2083
2022-01-29/19:08:05,21.68,988.9999,990.0,63.58754,160.3125
2022-01-29/19:08:06,21.68,988.9999,990.0,63.58754,160.2083
2022-01-29/19:08:07,21.68,989.1,982.0,57.10561,160.2083
2022-01-29/19:08:08,21.68,989.1,982.0,57.10561,160.4167
2022-01-29/19:08:09,21.68,989.1,982.0,57.10561,160.1042
2022-01-29/19:08:10,21.68,989.1,982.0,63.14971,159.2708
2022-01-29/19:08:11,21.68,989.1,982.0,63.14971,160.0
2022-01-29/19:08:12,21.68,989.1,982.0,63.14971,160.0
2022-01-29/19:08:13,21.68,989.1,982.0,65.02674,160.0
2022-01-29/19:08:14,21.68,989.1,982.0,65.02674,160.0
2022-01-29/19:08:16,21.68,989.1,982.0,65.02674,160.0
2022-01-29/19:08:17,21.68,989.1,982.0,65.33586,160.0
2022-01-29/19:08:18,21.68,989.1,982.0,65.33586,160.0
2022-01-29/19:08:19,21.68,989.1,982.0,65.33586,160.0
2022-01-29/19:08:20,21.68,989.1,982.0,64.9838,160.0
2022-01-29/19:08:21,21.68,989.1,982.0,64.9838,160.0
2022-01-29/19:08:22,21.68,989.1,982.0,64.9838,160.0
2022-01-29/19:08:23,21.75,989.2,971.0,54.83623,160.0
2022-01-29/19:08:24,21.75,989.2,971.0,54.83623,160.0
2022-01-29/19:08:25,21.75,989.2,971.0,54.83623,160.0
2022-01-29/19:08:26,21.75,989.2,971.0,64.65898,160.0
2022-01-29/19:08:28,21.75,989.2,971.0,64.65898,160.0
2022-01-29/19:08:29,21.75,989.2,971.0,64.65898,160.0
2022-01-29/19:08:30,21.75,989.2,971.0,65.15615,160.0
2022-01-29/19:08:31,21.75,989.2,971.0,65.15615,160.0
2022-01-29/19:08:32,21.75,989.2,971.0,65.15615,160.0
2022-01-29/19:08:33,21.75,989.2,971.0,63.80718,160.0
2022-01-29/19:08:34,21.75,989.2,971.0,63.80718,160.0
2022-01-29/19:08:35,21.75,989.2,971.0,63.80718,160.0
2022-01-29/19:08:36,21.68,988.9999,964.0,60.45822,160.0
2022-01-29/19:08:37,21.68,988.9999,964.0,60.45822,160.0
2022-01-29/19:08:38,21.68,988.9999,964.0,60.45822,160.0
2022-01-29/19:08:40,21.68,988.9999,964.0,63.3544,160.0
2022-01-29/19:08:41,21.68,988.9999,964.0,63.3544,160.0
2022-01-29/19:08:42,21.68,988.9999,964.0,63.3544,160.0
2022-01-29/19:08:43,21.68,988.9999,964.0,64.72314,160.0
2022-01-29/19:08:44,21.68,988.9999,964.0,64.72314,160.0
2022-01-29/19:08:45,21.68,988.9999,964.0,64.72314,160.0
2022-01-29/19:08:46,21.68,988.9999,964.0,65.38964,160.0
2022-01-29/19:08:47,21.68,988.9999,964.0,65.38964,160.0
2022-01-29/19:08:48,21.68,988.9999,964.0,65.38964,160.0
2022-01-29/19:08:49,21.68,988.9999,964.0,61.97116,160.0
2022-01-29/19:08:50,21.68,988.9999,964.0,61.97116,160.0
2022-01-29/19:08:51,21.68,988.9999,964.0,61.97116,160.0
2022-01-29/19:08:53,21.67,988.9999,957.0,59.31653,160.0
2022-01-29/19:08:54,21.67,988.9999,957.0,59.31653,160.0
2022-01-29/19:08:55,21.67,988.9999,957.0,59.31653,160.0
2022-01-29/19:08:56,21.67,988.9999,957.0,65.55596,160.0
2022-01-29/19:08:57,21.67,988.9999,957.0,65.55596,160.0
2022-01-29/19:08:58,21.67,988.9999,957.0,65.55596,160.0
2022-01-29/19:08:59,21.67,988.9999,957.0,65.92128,160.0
2022-01-29/19:09:00,21.67,988.9999,957.0,65.92128,160.0
2022-01-29/19:09:01,21.67,988.9999,957.0,65.92128,160.0
2022-01-29/19:09:02,21.67,988.9999,957.0,63.80545,160.0
2022-01-29/19:09:03,21.67,988.9999,957.0,63.80545,160.0
2022-01-29/19:09:05,21.67,988.9999,957.0,63.80545,160.0
2022-01-29/19:09:06,21.67,988.9999,957.0,59.62021,160.0
2022-01-29/19:09:07,21.67,988.9999,957.0,59.62021,160.0
2022-01-29/19:09:08,21.67,988.9999,957.0,59.62021,160.0
2022-01-29/19:09:09,21.67,989.1,956.0,61.67662,160.0
2022-01-29/19:09:10,21.67,989.1,956.0,61.67662,160.0
2022-01-29/19:09:11,21.67,989.1,956.0,61.67662,160.0
2022-01-29/19:09:12,21.67,989.1,956.0,65.69791,160.0
2022-01-29/19:09:13,21.67,989.1,956.0,65.69791,160.0
2022-01-29/19:09:14,21.67,989.1,956.0,65.69791,160.0
2022-01-29/19:09:15,21.67,989.1,956.0,66.13177,160.0
2022-01-29/19:09:17,21.67,989.1,956.0,66.13177,160.0
2022-01-29/19:09:18,21.67,989.1,956.0,66.13177,160.0
2022-01-29/19:09:19,21.67,989.1,956.0,65.30304,160.0
2022-01-29/19:09:20,21.67,989.1,956.0,65.30304,160.0
2022-01-29/19:09:21,21.67,989.1,956.0,65.30304,160.0
2022-01-29/19:09:22,21.63,989.1,946.0,55.58997,160.0
2022-01-29/19:09:23,21.63,989.1,946.0,55.58997,160.0
2022-01-29/19:09:24,21.63,989.1,946.0,55.58997,160.0
2022-01-29/19:09:25,21.63,989.1,946.0,65.8282,160.0
2022-01-29/19:09:26,21.63,989.1,946.0,65.8282,160.0
2022-01-29/19:09:27,21.63,989.1,946.0,65.8282,160.0
2022-01-29/19:09:29,21.63,989.1,946.0,65.78806,160.0
2022-01-29/19:09:30,21.63,989.1,946.0,65.78806,160.0
2022-01-29/19:09:31,21.63,989.1,946.0,65.78806,160.0
2022-01-29/19:09:32,21.63,989.1,946.0,66.01098,160.0
2022-01-29/19:09:33,21.63,989.1,946.0,66.01098,160.0
2022-01-29/19:09:34,21.63,989.1,946.0,66.01098,160.0
2022-01-29/19:09:35,21.63,989.1,946.0,66.2741,160.0
2022-01-29/19:09:36,21.63,989.1,946.0,66.2741,160.0
2022-01-29/19:09:37,21.63,989.1,946.0,66.2741,160.0
2022-01-29/19:09:38,21.62,989.1,939.0,55.48677,160.0
2022-01-29/19:09:39,21.62,989.1,939.0,55.48677,160.0
2022-01-29/19:09:41,21.62,989.1,939.0,55.48677,160.0
2022-01-29/19:09:42,21.62,989.1,939.0,64.92456,160.0
2022-01-29/19:09:43,21.62,989.1,939.0,64.92456,160.0
2022-01-29/19:09:44,21.62,989.1,939.0,64.92456,160.0
2022-01-29/19:09:45,21.62,989.1,939.0,61.65799,160.0
2022-01-29/19:09:46,21.62,989.1,939.0,61.65799,160.0
2022-01-29/19:09:47,21.62,989.1,939.0,61.65799,160.0
2022-01-29/19:09:48,21.62,989.1,939.0,65.43377,160.0
2022-01-29/19:09:49,21.62,989.1,939.0,65.43377,160.0
2022-01-29/19:09:50,21.62,989.1,939.0,65.43377,160.0
2022-01-29/19:09:51,21.63,989.1,932.0,55.87759,160.0
2022-01-29/19:09:53,21.63,989.1,932.0,55.87759,160.0
2022-01-29/19:09:54,21.63,989.1,932.0,55.87759,160.0
2022-01-29/19:09:55,21.63,989.1,932.0,64.92478,160.0
2022-01-29/19:09:56,21.63,989.1,932.0,64.92478,160.0
2022-01-29/19:09:57,21.63,989.1,932.0,64.92478,160.0
2022-01-29/19:09:58,21.63,989.1,932.0,64.5389,160.0
2022-01-29/19:09:59,21.63,989.1,932.0,64.5389,160.0
2022-01-29/19:10:00,21.63,989.1,932.0,64.5389,160.0
2022-01-29/19:10:01,21.63,989.1,932.0,63.57866,160.0
2022-01-29/19:10:02,21.63,989.1,932.0,63.57866,160.0
2022-01-29/19:10:03,21.63,989.1,932.0,63.57866,160.0
2022-01-29/19:10:05,21.63,989.1,932.0,64.78217,160.0
2022-01-29/19:10:06,21.63,989.1,932.0,64.78217,160.0
2022-01-29/19:10:07,21.63,989.1,932.0,64.78217,160.0
2022-01-29/19:10:08,21.64,988.9,936.0,56.7569,160.0
2022-01-29/19:10:09,21.64,988.9,936.0,56.7569,160.0
2022-01-29/19:10:10,21.64,988.9,936.0,56.7569,160.0
2022-01-29/19:10:11,21.64,988.9,936.0,66.05564,160.0
2022-01-29/19:10:12,21.64,988.9,936.0,66.05564,160.0
2022-01-29/19:10:13,21.64,988.9,936.0,66.05564,160.0
2022-01-29/19:10:14,21.64,988.9,936.0,64.02986,160.0
2022-01-29/19:10:15,21.64,988.9,936.0,64.02986,160.0
2022-01-29/19:10:17,21.64,988.9,936.0,64.02986,160.0
2022-01-29/19:10:18,21.64,988.9,936.0,66.00228,160.0
2022-01-29/19:10:19,21.64,988.9,936.0,66.00228,160.0
2022-01-29/19:10:20,21.64,988.9,936.0,66.00228,160.0
2022-01-29/19:10:21,21.62,988.9999,933.0,63.28812,160.0
2022-01-29/19:10:22,21.62,988.9999,933.0,63.28812,160.0
2022-01-29/19:10:23,21.62,988.9999,933.0,63.28812,160.0
2022-01-29/19:10:24,21.62,988.9999,933.0,59.91157,160.0
2022-01-29/19:10:25,21.62,988.9999,933.0,59.91157,160.0
2022-01-29/19:10:26,21.62,988.9999,933.0,59.91157,160.0
2022-01-29/19:10:27,21.62,988.9999,933.0,65.35462,160.0
2022-01-29/19:10:29,21.62,988.9999,933.0,65.35462,160.0
2022-01-29/19:10:30,21.62,988.9999,933.0,65.35462,160.0
2022-01-29/19:10:31,21.62,988.9999,933.0,64.77945,160.0
2022-01-29/19:10:32,21.62,988.9999,933.0,64.77945,160.0
2022-01-29/19:10:33,21.62,988.9999,933.0,64.77945,160.0
2022-01-29/19:10:34,21.62,988.9999,933.0,65.8576,160.0
2022-01-29/19:10:35,21.62,988.9999,933.0,65.8576,160.0
2022-01-29/19:10:36,21.62,988.9999,933.0,65.8576,160.0
2022-01-29/19:10:37,21.6,989.1,924.0,57.93834,160.0
2022-01-29/19:10:38,21.6,989.1,924.0,57.93834,160.0
2022-01-29/19:10:39,21.6,989.1,924.0,57.93834,160.0
2022-01-29/19:10:41,21.6,989.1,924.0,65.65447,160.0
2022-01-29/19:10:42,21.6,989.1,924.0,65.65447,160.0
2022-01-29/19:10:43,21.6,989.1,924.0,65.65447,160.0
2022-01-29/19:10:44,21.6,989.1,924.0,65.60557,160.0
2022-01-29/19:10:45,21.6,989.1,924.0,65.60557,160.0
2022-01-29/19:10:46,21.6,989.1,924.0,65.60557,160.0
2022-01-29/19:10:47,21.6,989.1,924.0,62.23963,160.0
2022-01-29/19:10:48,21.6,989.1,924.0,62.23963,160.0
2022-01-29/19:10:49,21.6,989.1,924.0,62.23963,160.0
2022-01-29/19:10:50,21.6,989.1,924.0,63.33999,160.0
2022-01-29/19:10:51,21.6,989.1,924.0,63.33999,160.0
2022-01-29/19:10:52,21.6,989.1,924.0,63.33999,160.0
2022-01-29/19:10:54,21.59,988.9999,920.0,59.28243,160.0
2022-01-29/19:10:55,21.59,988.9999,920.0,59.28243,160.0
2022-01-29/19:10:56,21.59,988.9999,920.0,59.28243,160.0
2022-01-29/19:10:57,21.59,988.9999,920.0,65.6264,160.0
2022-01-29/19:10:58,21.59,988.9999,920.0,65.6264,160.0
2022-01-29/19:10:59,21.59,988.9999,920.0,65.6264,160.0
2022-01-29/19:11:00,21.59,988.9999,920.0,65.41282,160.0
2022-01-29/19:11:01,21.59,988.9999,920.0,65.41282,160.0
2022-01-29/19:11:02,21.59,988.9999,920.0,65.41282,160.0
2022-01-29/19:11:03,21.59,988.9999,920.0,65.18723,160.0
2022-01-29/19:11:04,21.59,988.9999,920.0,65.18723,160.0
2022-01-29/19:11:06,21.59,988.9999,920.0,65.18723,160.0
2022-01-29/19:11:07,21.56,988.9,918.0,56.33684,160.0
2022-01-29/19:11:08,21.56,988.9,918.0,56.33684,160.0
2022-01-29/19:11:09,21.56,988.9,918.0,56.33684,160.0
2022-01-29/19:11:10,21.56,988.9,918.0,66.16712,160.0
2022-01-29/19:11:11,21.56,988.9,918.0,66.16712,160.0
2022-01-29/19:11:12,21.56,988.9,918.0,66.16712,160.0
2022-01-29/19:11:13,21.56,988.9,918.0,65.89756,160.0
2022-01-29/19:11:14,21.56,988.9,918.0,65.89756,160.0
2022-01-29/19:11:15,21.56,988.9,918.0,65.89756,160.0
2022-01-29/19:11:16,21.56,988.9,918.0,65.48767,160.0
2022-01-29/19:11:18,21.56,988.9,918.0,65.48767,160.0
2022-01-29/19:11:19,21.56,988.9,918.0,65.48767,160.0
2022-01-29/19:11:20,21.56,988.9,918.0,65.81423,160.0
2022-01-29/19:11:21,21.56,988.9,918.0,65.81423,160.0
2022-01-29/19:11:22,21.56,988.9,918.0,65.81423,160.0
2022-01-29/19:11:23,21.55,988.9,917.0,57.70746,160.0
2022-01-29/19:11:24,21.55,988.9,917.0,57.70746,160.0
2022-01-29/19:11:25,21.55,988.9,917.0,57.70746,160.0
2022-01-29/19:11:26,21.55,988.9,917.0,65.8768,160.0
2022-01-29/19:11:27,21.55,988.9,917.0,65.8768,160.0
2022-01-29/19:11:28,21.55,988.9,917.0,65.8768,160.0
2022-01-29/19:11:30,21.55,988.9,917.0,65.51235,160.0
2022-01-29/19:11:31,21.55,988.9,917.0,65.51235,160.0
2022-01-29/19:11:32,21.55,988.9,917.0,65.51235,160.0
2022-01-29/19:11:33,21.55,988.9,917.0,65.25167,160.0
2022-01-29/19:11:34,21.55,988.9,917.0,65.25167,160.0
2022-01-29/19:11:35,21.55,988.9,917.0,65.25167,160.0
2022-01-29/19:11:36,21.55,988.9,915.0,61.71299,160.0
2022-01-29/19:11:37,21.55,988.9,915.0,61.71299,160.0
2022-01-29/19:11:38,21.55,988.9,915.0,61.71299,160.0
2022-01-29/19:11:39,21.55,988.9,915.0,61.32562,160.0
2022-01-29/19:11:40,21.55,988.9,915.0,61.32562,160.0
2022-01-29/19:11:42,21.55,988.9,915.0,61.32562,160.0
2022-01-29/19:11:43,21.55,988.9,915.0,65.712,160.0
2022-01-29/19:11:44,21.55,988.9,915.0,65.712,160.0
2022-01-29/19:11:45,21.55,988.9,915.0,65.712,160.0
2022-01-29/19:11:46,21.55,988.9,915.0,66.35053,160.0
2022-01-29/19:11:47,21.55,988.9,915.0,66.35053,160.0
2022-01-29/19:11:48,21.55,988.9,915.0,66.35053,160.0
2022-01-29/19:11:49,21.55,988.9,915.0,65.65814,160.0
2022-01-29/19:11:50,21.55,988.9,915.0,65.65814,160.0
2022-01-29/19:11:51,21.55,988.9,915.0,65.65814,160.0
2022-01-29/19:11:52,21.52,988.8,923.0,58.23476,160.0
2022-01-29/19:11:54,21.52,988.8,923.0,58.23476,160.0
2022-01-29/19:11:55,21.52,988.8,923.0,58.23476,160.0
2022-01-29/19:11:56,21.52,988.8,923.0,66.46956,160.0
2022-01-29/19:11:57,21.52,988.8,923.0,66.46956,160.0
2022-01-29/19:11:58,21.52,988.8,923.0,66.46956,160.0
2022-01-29/19:11:59,21.52,988.8,923.0,64.90014,160.0
2022-01-29/19:12:00,21.52,988.8,923.0,64.90014,160.0
2022-01-29/19:12:01,21.52,988.8,923.0,64.90014,160.0
2022-01-29/19:12:02,21.52,988.8,923.0,64.65304,160.0
2022-01-29/19:12:03,21.52,988.8,923.0,64.65304,160.0
2022-01-29/19:12:04,21.52,988.8,923.0,64.65304,160.0
2022-01-29/19:12:06,21.52,988.8,923.0,60.38316,160.0
2022-01-29/19:12:07,21.52,988.8,923.0,60.38316,160.0
2022-01-29/19:12:08,21.52,988.8,923.0,60.38316,160.0
2022-01-29/19:12:09,21.53,988.8,929.0,59.82938,160.0
2022-01-29/19:12:10,21.53,988.8,929.0,59.82938,160.0
2022-01-29/19:12:11,21.53,988.8,929.0,59.82938,160.0
2022-01-29/19:12:12,21.53,988.8,929.0,65.1557,160.0
2022-01-29/19:12:13,21.53,988.8,929.0,65.1557,160.0
2022-01-29/19:12:14,21.53,988.8,929.0,65.1557,160.0
2022-01-29/19:12:15,21.53,988.8,929.0,65.83278,160.0
2022-01-29/19:12:16,21.53,988.8,929.0,65.83278,160.0
2022-01-29/19:12:17,21.53,988.8,929.0,65.83278,160.0
2022-01-29/19:12:19,21.53,988.8,929.0,65.51559,160.0
2022-01-29/19:12:20,21.53,988.8,929.0,65.51559,160.0
2022-01-29/19:12:21,21.53,988.8,929.0,65.51559,160.0
2022-01-29/19:12:22,21.53,988.9,932.0,57.771,160.0
2022-01-29/19:12:23,21.53,988.9,932.0,57.771,160.0
2022-01-29/19:12:24,21.53,988.9,932.0,57.771,160.0
2022-01-29/19:12:25,21.53,988.9,932.0,65.65105,160.0
2022-01-29/19:12:26,21.53,988.9,932.0,65.65105,160.0
2022-01-29/19:12:27,21.53,988.9,932.0,65.65105,160.0
2022-01-29/19:12:28,21.53,988.9,932.0,64.34685,160.0
2022-01-29/19:12:29,21.53,988.9,932.0,64.34685,160.0
2022-01-29/19:12:31,21.53,988.9,932.0,64.34685,160.0
2022-01-29/19:12:32,21.53,988.9,932.0,64.96819,160.0
2022-01-29/19:12:33,21.53,988.9,932.0,64.96819,160.0
2022-01-29/19:12:34,21.53,988.9,932.0,64.96819,160.0
2022-01-29/19:12:35,21.53,988.9,932.0,65.61564,160.0
2022-01-29/19:12:36,21.53,988.9,932.0,65.61564,160.0
2022-01-29/19:12:37,21.53,988.9,932.0,65.61564,160.0
2022-01-29/19:12:38,21.53,988.9,936.0,57.07415,160.0
2022-01-29/19:12:39,21.53,988.9,936.0,57.07415,160.0
2022-01-29/19:12:40,21.53,988.9,936.0,57.07415,160.0
2022-01-29/19:12:41,21.53,988.9,936.0,65.92308,160.0
2022-01-29/19:12:43,21.53,988.9,936.0,65.92308,160.0
2022-01-29/19:12:44,21.53,988.9,936.0,65.92308,160.0
2022-01-29/19:12:45,21.53,988.9,936.0,65.07075,160.0
2022-01-29/19:12:46,21.53,988.9,936.0,65.07075,160.0
2022-01-29/19:12:47,21.53,988.9,936.0,65.07075,160.0
2022-01-29/19:12:48,21.53,988.9,936.0,62.02014,160.0
2022-01-29/19:12:49,21.53,988.9,936.0,62.02014,160.0
2022-01-29/19:12:50,21.53,988.9,936.0,62.02014,160.0
2022-01-29/19:12:51,21.55,988.7,945.0,56.00371,160.0
2022-01-29/19:12:52,21.55,988.7,945.0,56.00371,160.0
2022-01-29/19:12:53,21.55,988.7,945.0,56.00371,160.0
2022-01-29/19:12:55,21.55,988.7,945.0,58.878,160.0
2022-01-29/19:12:56,21.55,988.7,945.0,58.878,160.0
2022-01-29/19:12:57,21.55,988.7,945.0,58.878,160.0
2022-01-29/19:12:58,21.55,988.7,945.0,65.36066,160.0
2022-01-29/19:12:59,21.55,988.7,945.0,65.36066,160.0
2022-01-29/19:13:00,21.55,988.7,945.0,65.36066,160.0
2022-01-29/19:13:01,21.55,988.7,945.0,64.61169,160.0
2022-01-29/19:13:02,21.55,988.7,945.0,64.61169,160.0
2022-01-29/19:13:03,21.55,988.7,945.0,64.61169,160.0
2022-01-29/19:13:04,21.55,988.7,945.0,64.61367,160.0
2022-01-29/19:13:05,21.55,988.7,945.0,64.61367,160.0
2022-01-29/19:13:07,21.55,988.7,945.0,64.61367,160.0
2022-01-29/19:13:08,21.52,988.8,950.0,56.20274,160.0
2022-01-29/19:13:09,21.52,988.8,950.0,56.20274,160.0
2022-01-29/19:13:10,21.52,988.8,950.0,56.20274,160.0
2022-01-29/19:13:11,21.52,988.8,950.0,62.66882,160.0
2022-01-29/19:13:12,21.52,988.8,950.0,62.66882,160.0
2022-01-29/19:13:13,21.52,988.8,950.0,62.66882,160.0
2022-01-29/19:13:14,21.52,988.8,950.0,64.83106,160.0
2022-01-29/19:13:15,21.52,988.8,950.0,64.83106,160.0
2022-01-29/19:13:16,21.52,988.8,950.0,64.83106,160.0
2022-01-29/19:13:17,21.52,988.8,950.0,65.43622,160.0
2022-01-29/19:13:19,21.52,988.8,950.0,65.43622,160.0
2022-01-29/19:13:20,21.52,988.8,950.0,65.43622,160.0
2022-01-29/19:13:21,21.52,988.8,950.0,61.69128,160.0
2022-01-29/19:13:22,21.52,988.8,950.0,61.69128,160.0
2022-01-29/19:13:23,21.52,988.8,950.0,61.69128,160.0
2022-01-29/19:13:24,21.54,988.8,946.0,61.26698,160.0
2022-01-29/19:13:25,21.54,988.8,946.0,61.26698,160.0
2022-01-29/19:13:26,21.54,988.8,946.0,61.26698,160.0
2022-01-29/19:13:27,21.54,988.8,946.0,65.60821,160.0
2022-01-29/19:13:28,21.54,988.8,946.0,65.60821,160.0
2022-01-29/19:13:29,21.54,988.8,946.0,65.60821,160.0
2022-01-29/19:13:31,21.54,988.8,946.0,64.72311,160.0
2022-01-29/19:13:32,21.54,988.8,946.0,64.72311,160.0
2022-01-29/19:13:33,21.54,988.8,946.0,64.72311,160.0
2022-01-29/19:13:34,21.54,988.8,946.0,65.54639,160.0
2022-01-29/19:13:35,21.54,988.8,946.0,65.54639,160.0
2022-01-29/19:13:36,21.54,988.8,946.0,65.54639,160.0
2022-01-29/19:13:37,21.57,988.7,954.0,55.40558,160.0
2022-01-29/19:13:38,21.57,988.7,954.0,55.40558,160.0
2022-01-29/19:13:39,21.57,988.7,954.0,55.40558,160.0
2022-01-29/19:13:40,21.57,988.7,954.0,64.09389,160.0
2022-01-29/19:13:41,21.57,988.7,954.0,64.09389,160.0
2022-01-29/19:13:43,21.57,988.7,954.0,64.09389,160.0
2022-01-29/19:13:44,21.57,988.7,954.0,62.64534,160.0
2022-01-29/19:13:45,21.57,988.7,954.0,62.64534,160.0
2022-01-29/19:13:46,21.57,988.7,954.0,62.64534,160.0
2022-01-29/19:13:47,21.57,988.7,954.0,65.52029,160.0
2022-01-29/19:13:48,21.57,988.7,954.0,65.52029,160.0
2022-01-29/19:13:49,21.57,988.7,954.0,65.52029,160.0
2022-01-29/19:13:50,21.57,988.7,954.0,66.20193,160.0
2022-01-29/19:13:51,21.57,988.7,954.0,66.20193,160.0
2022-01-29/19:13:52,21.57,988.7,954.0,66.20193,160.0
2022-01-29/19:13:53,21.58,988.9,957.0,58.64089,160.0
2022-01-29/19:13:55,21.58,988.9,957.0,58.64089,160.0
2022-01-29/19:13:56,21.58,988.9,957.0,58.64089,160.0
2022-01-29/19:13:57,21.58,988.9,957.0,66.14953,160.0
2022-01-29/19:13:58,21.58,988.9,957.0,66.14953,160.0
2022-01-29/19:13:59,21.58,988.9,957.0,66.14953,160.0
2022-01-29/19:14:00,21.58,988.9,957.0,65.31079,160.0
2022-01-29/19:14:01,21.58,988.9,957.0,65.31079,160.0
2022-01-29/19:14:02,21.58,988.9,957.0,65.31079,160.0
2022-01-29/19:14:03,21.58,988.9,957.0,65.76769,160.0
2022-01-29/19:14:04,21.58,988.9,957.0,65.76769,160.0
2022-01-29/19:14:05,21.58,988.9,957.0,65.76769,160.0
2022-01-29/19:14:07,21.59,988.9,964.0,57.44264,160.0
2022-01-29/19:14:08,21.59,988.9,964.0,57.44264,160.0
2022-01-29/19:14:09,21.59,988.9,964.0,57.44264,160.0
2022-01-29/19:14:10,21.59,988.9,964.0,65.70481,160.0
2022-01-29/19:14:11,21.59,988.9,964.0,65.70481,160.0
2022-01-29/19:14:12,21.59,988.9,964.0,65.70481,160.0
2022-01-29/19:14:13,21.59,988.9,964.0,65.49471,160.0
2022-01-29/19:14:14,21.59,988.9,964.0,65.49471,160.0
2022-01-29/19:14:15,21.59,988.9,964.0,65.49471,160.0
2022-01-29/19:14:16,21.59,988.9,964.0,65.60482,160.0
2022-01-29/19:14:17,21.59,988.9,964.0,65.60482,160.0
2022-01-29/19:14:18,21.59,988.9,964.0,65.60482,160.0
2022-01-29/19:14:20,21.59,988.9,964.0,65.58769,160.0
2022-01-29/19:14:21,21.59,988.9,964.0,65.58769,160.0
2022-01-29/19:14:22,21.59,988.9,964.0,65.58769,160.0
2022-01-29/19:14:23,21.56,988.8,973.0,57.0597,160.0
2022-01-29/19:14:24,21.56,988.8,973.0,57.0597,160.0
2022-01-29/19:14:25,21.56,988.8,973.0,57.0597,160.0
2022-01-29/19:14:26,21.56,988.8,973.0,63.16704,160.0
2022-01-29/19:14:27,21.56,988.8,973.0,63.16704,160.0
2022-01-29/19:14:28,21.56,988.8,973.0,63.16704,160.0
2022-01-29/19:14:29,21.56,988.8,973.0,65.67296,160.0
2022-01-29/19:14:30,21.56,988.8,973.0,65.67296,160.0
2022-01-29/19:14:32,21.56,988.8,973.0,65.67296,160.0
2022-01-29/19:14:33,21.56,988.8,973.0,64.07317,160.0
2022-01-29/19:14:34,21.56,988.8,973.0,64.07317,160.0
2022-01-29/19:14:35,21.56,988.8,973.0,64.07317,160.0
2022-01-29/19:14:36,21.56,988.9999,976.0,62.10319,160.0
2022-01-29/19:14:37,21.56,988.9999,976.0,62.10319,160.0
2022-01-29/19:14:38,21.56,988.9999,976.0,62.10319,160.0
2022-01-29/19:14:39,21.56,988.9999,976.0,61.32642,160.0
2022-01-29/19:14:40,21.56,988.9999,976.0,61.32642,160.0
2022-01-29/19:14:41,21.56,988.9999,976.0,61.32642,160.0
2022-01-29/19:14:42,21.56,988.9999,976.0,64.1108,160.0
2022-01-29/19:14:44,21.56,988.9999,976.0,64.1108,160.0
2022-01-29/19:14:45,21.56,988.9999,976.0,64.1108,160.0
2022-01-29/19:14:46,21.56,988.9999,976.0,64.43002,160.0
2022-01-29/19:14:47,21.56,988.9999,976.0,64.43002,160.0
2022-01-29/19:14:48,21.56,988.9999,976.0,64.43002,160.0
2022-01-29/19:14:49,21.56,988.9999,976.0,65.66538,160.0
2022-01-29/19:14:50,21.56,988.9999,976.0,65.66538,160.0
2022-01-29/19:14:51,21.56,988.9999,976.0,65.66538,160.0
2022-01-29/19:14:52,21.6,988.9999,973.0,58.43527,160.0
2022-01-29/19:14:53,21.6,988.9999,973.0,58.43527,160.0
2022-01-29/19:14:54,21.6,988.9999,973.0,58.43527,160.0
2022-01-29/19:14:56,21.6,988.9999,973.0,65.40977,160.0
2022-01-29/19:14:57,21.6,988.9999,973.0,65.40977,160.0
2022-01-29/19:14:58,21.6,988.9999,973.0,65.40977,160.0
2022-01-29/19:14:59,21.6,988.9999,973.0,65.63049,160.0
2022-01-29/19:15:00,21.6,988.9999,973.0,65.63049,160.0
2022-01-29/19:15:01,21.6,988.9999,973.0,65.63049,160.0
2022-01-29/19:15:02,21.6,988.9999,973.0,65.42053,160.0
2022-01-29/19:15:03,21.6,988.9999,973.0,65.42053,160.0
2022-01-29/19:15:04,21.6,988.9999,973.0,65.42053,160.0
2022-01-29/19:15:05,21.6,988.9999,973.0,64.2951,160.0
2022-01-29/19:15:06,21.6,988.9999,973.0,64.2951,160.0
2022-01-29/19:15:08,21.6,988.9999,973.0,64.2951,160.0
2022-01-29/19:15:09,21.59,988.9,977.0,56.8995,160.0
2022-01-29/19:15:10,21.59,988.9,977.0,56.8995,160.0
2022-01-29/19:15:11,21.59,988.9,977.0,56.8995,160.0
2022-01-29/19:15:12,21.59,988.9,977.0,64.36226,160.0
2022-01-29/19:15:13,21.59,988.9,977.0,64.36226,160.0
2022-01-29/19:15:14,21.59,988.9,977.0,64.36226,160.0
2022-01-29/19:15:15,21.59,988.9,977.0,64.11472,160.0
2022-01-29/19:15:16,21.59,988.9,977.0,64.11472,160.0
2022-01-29/19:15:17,21.59,988.9,977.0,64.11472,160.0
2022-01-29/19:15:18,21.59,988.9,977.0,63.7573,160.0
2022-01-29/19:15:20,21.59,988.9,977.0,63.7573,160.0
2022-01-29/19:15:21,21.59,988.9,977.0,63.7573,160.0
2022-01-29/19:15:22,21.57,988.9,980.0,60.22281,160.0
2022-01-29/19:15:23,21.57,988.9,980.0,60.22281,160.0
2022-01-29/19:15:24,21.57,988.9,980.0,60.22281,160.0
2022-01-29/19:15:25,21.57,988.9,980.0,65.61494,160.0
2022-01-29/19:15:26,21.57,988.9,980.0,65.61494,160.0
2022-01-29/19:15:27,21.57,988.9,980.0,65.61494,160.0
2022-01-29/19:15:28,21.57,988.9,980.0,65.74543,160.0
2022-01-29/19:15:29,21.57,988.9,980.0,65.74543,160.0
2022-01-29/19:15:30,21.57,988.9,980.0,65.74543,160.0
2022-01-29/19:15:32,21.57,988.9,980.0,65.10531,160.0
2022-01-29/19:15:33,21.57,988.9,980.0,65.10531,160.0
2022-01-29/19:15:34,21.57,988.9,980.0,65.10531,160.0
2022-01-29/19:15:35,21.57,988.9,980.0,65.47703,160.0
2022-01-29/19:15:36,21.57,988.9,980.0,65.47703,160.0
2022-01-29/19:15:37,21.57,988.9,980.0,65.47703,160.0
2022-01-29/19:15:38,21.55,988.9,984.0,57.44987,160.0
2022-01-29/19:15:39,21.55,988.9,984.0,57.44987,160.0
2022-01-29/19:15:40,21.55,988.9,984.0,57.44987,160.0
2022-01-29/19:15:41,21.55,988.9,984.0,62.18524,160.0
2022-01-29/19:15:42,21.55,988.9,984.0,62.18524,160.0
2022-01-29/19:15:44,21.55,988.9,984.0,62.18524,160.0
2022-01-29/19:15:45,21.55,988.9,984.0,65.78979,160.0
2022-01-29/19:15:46,21.55,988.9,984.0,65.78979,160.0
2022-01-29/19:15:47,21.55,988.9,984.0,65.78979,160.0
2022-01-29/19:15:48,21.55,988.9,984.0,65.21028,160.0
2022-01-29/19:15:49,21.55,988.9,984.0,65.21028,160.0
2022-01-29/19:15:50,21.55,988.9,984.0,65.21028,160.0
2022-01-29/19:15:51,21.56,988.9,984.0,62.29118,160.0
2022-01-29/19:15:52,21.56,988.9,984.0,62.29118,160.0
2022-01-29/19:15:53,21.56,988.9,984.0,62.29118,160.0
2022-01-29/19:15:54,21.56,988.9,984.0,60.6575,160.0
2022-01-29/19:15:55,21.56,988.9,984.0,60.6575,160.0
2022-01-29/19:15:57,21.56,988.9,984.0,60.6575,160.0
2022-01-29/19:15:58,21.56,988.9,984.0,64.90961,160.0
2022-01-29/19:15:59,21.56,988.9,984.0,64.90961,160.0
2022-01-29/19:16:00,21.56,988.9,984.0,64.90961,160.0
2022-01-29/19:16:01,21.56,988.9,984.0,65.76633,160.0
2022-01-29/19:16:02,21.56,988.9,984.0,65.76633,160.0
2022-01-29/19:16:03,21.56,988.9,984.0,65.76633,160.0
2022-01-29/19:16:04,21.56,988.9,984.0,65.59627,160.0
2022-01-29/19:16:05,21.56,988.9,984.0,65.59627,160.0
2022-01-29/19:16:06,21.56,988.9,984.0,65.59627,160.0
2022-01-29/19:16:07,21.58,988.9999,987.0,56.88011,160.0
2022-01-29/19:16:09,21.58,988.9999,987.0,56.88011,160.0
2022-01-29/19:16:10,21.58,988.9999,987.0,56.88011,160.0
2022-01-29/19:16:11,21.58,988.9999,987.0,65.77116,160.0
2022-01-29/19:16:12,21.58,988.9999,987.0,65.77116,160.0
2022-01-29/19:16:13,21.58,988.9999,987.0,65.77116,160.0
2022-01-29/19:16:14,21.58,988.9999,987.0,66.30587,160.0
2022-01-29/19:16:15,21.58,988.9999,987.0,66.30587,160.0
2022-01-29/19:16:16,21.58,988.9999,987.0,66.30587,160.0
2022-01-29/19:16:17,21.58,988.9999,987.0,63.50832,160.0
2022-01-29/19:16:18,21.58,988.9999,987.0,63.50832,160.0
2022-01-29/19:16:19,21.58,988.9999,987.0,63.50832,160.0
2022-01-29/19:16:21,21.58,988.9999,987.0,64.09284,160.0
2022-01-29/19:16:22,21.58,988.9999,987.0,64.09284,160.0
2022-01-29/19:16:23,21.58,988.9999,987.0,64.09284,160.0
2022-01-29/19:16:24,21.58,988.9,989.0,59.32057,160.0
2022-01-29/19:16:25,21.58,988.9,989.0,59.32057,160.0
2022-01-29/19:16:26,21.58,988.9,989.0,59.32057,160.0
2022-01-29/19:16:27,21.58,988.9,989.0,65.40083,160.0
2022-01-29/19:16:28,21.58,988.9,989.0,65.40083,160.0
2022-01-29/19:16:29,21.58,988.9,989.0,65.40083,160.0
2022-01-29/19:16:30,21.58,988.9,989.0,65.56986,160.0
2022-01-29/19:16:31,21.58,988.9,989.0,65.56986,160.0
2022-01-29/19:16:33,21.58,988.9,989.0,65.56986,160.0
2022-01-29/19:16:34,21.58,988.9,989.0,65.83349,160.0
2022-01-29/19:16:35,21.58,988.9,989.0,65.83349,159.8958
2022-01-29/19:16:36,21.58,988.9,989.0,65.83349,160.0
2022-01-29/19:16:37,21.6,988.9,996.0,59.17177,160.0
2022-01-29/19:16:38,21.6,988.9,996.0,59.17177,160.0
2022-01-29/19:16:39,21.6,988.9,996.0,59.17177,160.0
2022-01-29/19:16:40,21.6,988.9,996.0,65.7675,160.0
2022-01-29/19:16:41,21.6,988.9,996.0,65.7675,160.0
2022-01-29/19:16:42,21.6,988.9,996.0,65.7675,160.0
2022-01-29/19:16:43,21.6,988.9,996.0,65.45883,160.0
2022-01-29/19:16:45,21.6,988.9,996.0,65.45883,160.0
2022-01-29/19:16:46,21.6,988.9,996.0,65.45883,160.0
2022-01-29/19:16:47,21.6,988.9,996.0,65.53033,160.0
2022-01-29/19:16:48,21.6,988.9,996.0,65.53033,160.0
2022-01-29/19:16:49,21.6,988.9,996.0,65.53033,160.0
2022-01-29/19:16:50,21.6,988.9,996.0,65.62681,160.0
2022-01-29/19:16:51,21.6,988.9,996.0,65.62681,160.0
2022-01-29/19:16:52,21.6,988.9,996.0,65.62681,160.0
2022-01-29/19:16:53,21.6,988.9999,1003.0,58.35036,160.0
2022-01-29/19:16:54,21.6,988.9999,1003.0,58.35036,160.0
2022-01-29/19:16:55,21.6,988.9999,1003.0,58.35036,160.0
2022-01-29/19:16:57,21.6,988.9999,1003.0,65.88886,160.0
2022-01-29/19:16:58,21.6,988.9999,1003.0,65.88886,160.0
2022-01-29/19:16:59,21.6,988.9999,1003.0,65.88886,160.0
2022-01-29/19:17:00,21.6,988.9999,1003.0,64.00527,160.0
2022-01-29/19:17:01,21.6,988.9999,1003.0,64.00527,160.0
2022-01-29/19:17:02,21.6,988.9999,1003.0,64.00527,160.0
2022-01-29/19:17:03,21.6,988.9999,1003.0,64.18352,160.0
2022-01-29/19:17:04,21.6,988.9999,1003.0,64.18352,160.0
2022-01-29/19:17:05,21.6,988.9999,1003.0,64.18352,160.0
2022-01-29/19:17:06,21.64,988.8,1001.0,61.34674,160.0
2022-01-29/19:17:07,21.64,988.8,1001.0,61.34674,160.0
2022-01-29/19:17:09,21.64,988.8,1001.0,61.34674,160.0
2022-01-29/19:17:10,21.64,988.8,1001.0,62.44854,160.0
2022-01-29/19:17:11,21.64,988.8,1001.0,62.44854,160.0
2022-01-29/19:17:12,21.64,988.8,1001.0,62.44854,160.0
2022-01-29/19:17:13,21.64,988.8,1001.0,65.26252,160.0
2022-01-29/19:17:14,21.64,988.8,1001.0,65.26252,160.0
2022-01-29/19:17:15,21.64,988.8,1001.0,65.26252,160.0
2022-01-29/19:17:16,21.64,988.8,1001.0,65.90057,160.0
2022-01-29/19:17:17,21.64,988.8,1001.0,65.90057,160.0
2022-01-29/19:17:18,21.64,988.8,1001.0,65.90057,160.0
2022-01-29/19:17:19,21.64,988.8,1001.0,65.03568,160.0
2022-01-29/19:17:21,21.64,988.8,1001.0,65.03568,160.0
2022-01-29/19:17:22,21.64,988.8,1001.0,65.03568,160.0
2022-01-29/19:17:23,21.62,988.9,1000.0,56.95894,160.0
2022-01-29/19:17:24,21.62,988.9,1000.0,56.95894,160.0
2022-01-29/19:17:25,21.62,988.9,1000.0,56.95894,160.0
2022-01-29/19:17:26,21.62,988.9,1000.0,65.88001,160.0
2022-01-29/19:17:27,21.62,988.9,1000.0,65.88001,160.0
2022-01-29/19:17:28,21.62,988.9,1000.0,65.88001,160.0
2022-01-29/19:17:29,21.62,988.9,1000.0,65.62051,160.0
2022-01-29/19:17:30,21.62,988.9,1000.0,65.62051,160.0
2022-01-29/19:17:31,21.62,988.9,1000.0,65.62051,160.0
2022-01-29/19:17:33,21.62,988.9,1000.0,64.76434,160.0
2022-01-29/19:17:34,21.62,988.9,1000.0,64.76434,160.0
2022-01-29/19:17:35,21.62,988.9,1000.0,64.76434,160.0
2022-01-29/19:17:36,21.62,988.9,1000.0,63.93734,160.0
2022-01-29/19:17:37,21.62,988.9,1000.0,63.93734,160.0
2022-01-29/19:17:38,21.62,988.9,1000.0,63.93734,160.0
2022-01-29/19:17:39,21.6,988.8,993.0,59.04603,160.0
2022-01-29/19:17:40,21.6,988.8,993.0,59.04603,160.0
2022-01-29/19:17:41,21.6,988.8,993.0,59.04603,160.0
2022-01-29/19:17:42,21.6,988.8,993.0,59.51376,160.0
2022-01-29/19:17:43,21.6,988.8,993.0,59.51376,160.0
2022-01-29/19:17:44,21.6,988.8,993.0,59.51376,160.0
2022-01-29/19:17:46,21.6,988.8,993.0,64.4658,160.0
2022-01-29/19:17:47,21.6,988.8,993.0,64.4658,160.0
2022-01-29/19:17:48,21.6,988.8,993.0,64.4658,160.0
2022-01-29/19:17:49,21.6,988.8,993.0,64.75958,160.0
2022-01-29/19:17:50,21.6,988.8,993.0,64.75958,160.0
2022-01-29/19:17:51,21.6,988.8,993.0,64.75958,160.0
2022-01-29/19:17:52,21.58,988.9999,989.0,56.35561,160.0
2022-01-29/19:17:53,21.58,988.9999,989.0,56.35561,160.0
2022-01-29/19:17:54,21.58,988.9999,989.0,56.35561,160.0
2022-01-29/19:17:55,21.58,988.9999,989.0,65.7773,160.0
2022-01-29/19:17:56,21.58,988.9999,989.0,65.7773,160.0
2022-01-29/19:17:58,21.58,988.9999,989.0,65.7773,160.0
2022-01-29/19:17:59,21.58,988.9999,989.0,65.21967,160.0
2022-01-29/19:18:00,21.58,988.9999,989.0,65.21967,160.0
2022-01-29/19:18:01,21.58,988.9999,989.0,65.21967,160.0
2022-01-29/19:18:02,21.58,988.9999,989.0,65.61703,160.0
2022-01-29/19:18:03,21.58,988.9999,989.0,65.61703,160.0
2022-01-29/19:18:04,21.58,988.9999,989.0,65.61703,160.0
2022-01-29/19:18:05,21.58,988.9999,989.0,65.85716,160.0
2022-01-29/19:18:06,21.58,988.9999,989.0,65.85716,160.0
2022-01-29/19:18:07,21.58,988.9999,989.0,65.85716,160.0
2022-01-29/19:18:08,21.57,988.9999,988.0,57.99339,160.0
2022-01-29/19:18:10,21.57,988.9999,988.0,57.99339,160.0
2022-01-29/19:18:11,21.57,988.9999,988.0,57.99339,160.0
2022-01-29/19:18:12,21.57,988.9999,988.0,65.61505,160.0
2022-01-29/19:18:13,21.57,988.9999,988.0,65.61505,160.0
2022-01-29/19:18:14,21.57,988.9999,988.0,65.61505,160.0
2022-01-29/19:18:15,21.57,988.9999,988.0,65.95906,160.0
2022-01-29/19:18:16,21.57,988.9999,988.0,65.95906,160.0
2022-01-29/19:18:17,21.57,988.9999,988.0,65.95906,160.0
2022-01-29/19:18:18,21.57,988.9999,988.0,64.6948,160.0
2022-01-29/19:18:19,21.57,988.9999,988.0,64.6948,160.0
2022-01-29/19:18:20,21.57,988.9999,988.0,64.6948,160.0
2022-01-29/19:18:22,21.58,988.9,982.0,57.76495,160.0
2022-01-29/19:18:23,21.58,988.9,982.0,57.76495,160.0
2022-01-29/19:18:24,21.58,988.9,982.0,57.76495,160.0
2022-01-29/19:18:25,21.58,988.9,982.0,63.96706,160.0
2022-01-29/19:18:26,21.58,988.9,982.0,63.96706,160.0
2022-01-29/19:18:27,21.58,988.9,982.0,63.96706,160.0
2022-01-29/19:18:28,21.58,988.9,982.0,65.59525,160.0
2022-01-29/19:18:29,21.58,988.9,982.0,65.59525,160.0
2022-01-29/19:18:30,21.58,988.9,982.0,65.59525,160.0
2022-01-29/19:18:31,21.58,988.9,982.0,65.95772,160.0
2022-01-29/19:18:32,21.58,988.9,982.0,65.95772,160.0
2022-01-29/19:18:34,21.58,988.9,982.0,65.95772,160.0
2022-01-29/19:18:35,21.58,988.9,982.0,64.52179,160.0
2022-01-29/19:18:36,21.58,988.9,982.0,64.52179,160.0
2022-01-29/19:18:37,21.58,988.9,982.0,64.52179,160.0
2022-01-29/19:18:38,21.58,988.9999,970.0,60.48759,160.0
2022-01-29/19:18:39,21.58,988.9999,970.0,60.48759,160.0
2022-01-29/19:18:40,21.58,988.9999,970.0,60.48759,160.0
2022-01-29/19:18:41,21.58,988.9999,970.0,63.92621,160.0
2022-01-29/19:18:42,21.58,988.9999,970.0,63.92621,160.0
2022-01-29/19:18:43,21.58,988.9999,970.0,63.92621,160.0
2022-01-29/19:18:44,21.58,988.9999,970.0,66.06042,160.0
2022-01-29/19:18:46,21.58,988.9999,970.0,66.06042,160.0
2022-01-29/19:18:47,21.58,988.9999,970.0,66.06042,160.0
2022-01-29/19:18:48,21.58,988.9999,970.0,65.74209,160.0
2022-01-29/19:18:49,21.58,988.9999,970.0,65.74209,160.0
2022-01-29/19:18:50,21.58,988.9999,970.0,65.74209,160.0
2022-01-29/19:18:51,21.58,988.9999,970.0,61.62851,160.0
2022-01-29/19:18:52,21.58,988.9999,970.0,61.62851,160.0
2022-01-29/19:18:53,21.58,988.9999,970.0,61.62851,160.0
2022-01-29/19:18:54,21.57,988.9,970.0,61.06026,160.0
2022-01-29/19:18:55,21.57,988.9,970.0,61.06026,160.0
2022-01-29/19:18:56,21.57,988.9,970.0,61.06026,160.0
2022-01-29/19:18:58,21.57,988.9,970.0,65.28854,160.0
2022-01-29/19:18:59,21.57,988.9,970.0,65.28854,160.0
2022-01-29/19:19:00,21.57,988.9,970.0,65.28854,160.0
2022-01-29/19:19:01,21.57,988.9,970.0,66.02577,160.0
2022-01-29/19:19:02,21.57,988.9,970.0,66.02577,160.0
2022-01-29/19:19:03,21.57,988.9,970.0,66.02577,160.0
2022-01-29/19:19:04,21.57,988.9,970.0,65.52688,160.0
2022-01-29/19:19:05,21.57,988.9,970.0,65.52688,160.0
2022-01-29/19:19:06,21.57,988.9,970.0,65.52688,160.0
2022-01-29/19:19:07,21.58,988.9,974.0,55.72864,160.0
2022-01-29/19:19:08,21.58,988.9,974.0,55.72864,160.0
2022-01-29/19:19:10,21.58,988.9,974.0,55.72864,160.0
2022-01-29/19:19:11,21.58,988.9,974.0,65.22157,160.0
2022-01-29/19:19:12,21.58,988.9,974.0,65.22157,160.0
2022-01-29/19:19:13,21.58,988.9,974.0,65.22157,160.0
2022-01-29/19:19:14,21.58,988.9,974.0,65.61157,160.0
2022-01-29/19:19:15,21.58,988.9,974.0,65.61157,160.0
2022-01-29/19:19:16,21.58,988.9,974.0,65.61157,160.0
2022-01-29/19:19:17,21.58,988.9,974.0,65.74169,160.0
2022-01-29/19:19:18,21.58,988.9,974.0,65.74169,160.0
2022-01-29/19:19:19,21.58,988.9,974.0,65.74169,160.0
2022-01-29/19:19:20,21.58,988.9,974.0,64.87228,160.0
2022-01-29/19:19:21,21.58,988.9,974.0,64.87228,160.0
2022-01-29/19:19:23,21.58,988.9,974.0,64.87228,160.0
2022-01-29/19:19:24,21.56,988.9,976.0,57.3637,160.0
2022-01-29/19:19:25,21.56,988.9,976.0,57.3637,160.0
2022-01-29/19:19:26,21.56,988.9,976.0,57.3637,160.0
2022-01-29/19:19:27,21.56,988.9,976.0,65.45121,160.0
2022-01-29/19:19:28,21.56,988.9,976.0,65.45121,160.0
2022-01-29/19:19:29,21.56,988.9,976.0,65.45121,160.0
2022-01-29/19:19:30,21.56,988.9,976.0,65.98729,160.0
2022-01-29/19:19:31,21.56,988.9,976.0,65.98729,160.0
2022-01-29/19:19:32,21.56,988.9,976.0,65.98729,160.0
2022-01-29/19:19:33,21.56,988.9,976.0,65.29342,160.0
2022-01-29/19:19:35,21.56,988.9,976.0,65.29342,160.0
2022-01-29/19:19:36,21.56,988.9,976.0,65.29342,160.0
2022-01-29/19:19:37,21.52,988.9999,975.0,59.11714,160.0
2022-01-29/19:19:38,21.52,988.9999,975.0,59.11714,160.0
2022-01-29/19:19:39,21.52,988.9999,975.0,59.11714,160.0
2022-01-29/19:19:40,21.52,988.9999,975.0,65.85063,160.0
2022-01-29/19:19:41,21.52,988.9999,975.0,65.85063,160.0
2022-01-29/19:19:42,21.52,988.9999,975.0,65.85063,160.0
2022-01-29/19:19:43,21.52,988.9999,975.0,65.57977,160.0
2022-01-29/19:19:44,21.52,988.9999,975.0,65.57977,160.0
2022-01-29/19:19:45,21.52,988.9999,975.0,65.57977,160.0
2022-01-29/19:19:47,21.52,988.9999,975.0,63.7288,160.0
2022-01-29/19:19:48,21.52,988.9999,975.0,63.7288,160.0
2022-01-29/19:19:49,21.52,988.9999,975.0,63.7288,160.0
2022-01-29/19:19:50,21.52,988.9999,975.0,61.77932,160.0
2022-01-29/19:19:51,21.52,988.9999,975.0,61.77932,160.0
2022-01-29/19:19:52,21.52,988.9999,975.0,61.77932,160.0
2022-01-29/19:19:53,21.54,988.8,979.0,54.68902,160.0
2022-01-29/19:19:54,21.54,988.8,979.0,54.68902,160.0
2022-01-29/19:19:55,21.54,988.8,979.0,54.68902,160.0
2022-01-29/19:19:56,21.54,988.8,979.0,62.41757,160.0
2022-01-29/19:19:57,21.54,988.8,979.0,62.41757,160.0
2022-01-29/19:19:59,21.54,988.8,979.0,62.41757,160.0
2022-01-29/19:20:00,21.54,988.8,979.0,65.8322,160.0
2022-01-29/19:20:01,21.54,988.8,979.0,65.8322,160.0
2022-01-29/19:20:02,21.54,988.8,979.0,65.8322,160.0
2022-01-29/19:20:03,21.54,988.8,979.0,63.58327,160.0
2022-01-29/19:20:04,21.54,988.8,979.0,63.58327,160.0
2022-01-29/19:20:05,21.54,988.8,979.0,63.58327,160.0
2022-01-29/19:20:06,21.57,988.9,980.0,61.70018,160.0
2022-01-29/19:20:07,21.57,988.9,980.0,61.70018,160.0
2022-01-29/19:20:08,21.57,988.9,980.0,61.70018,160.0
2022-01-29/19:20:09,21.57,988.9,980.0,54.07683,160.0
2022-01-29/19:20:11,21.57,988.9,980.0,54.07683,160.0
2022-01-29/19:20:12,21.57,988.9,980.0,54.07683,160.0
2022-01-29/19:20:13,21.57,988.9,980.0,66.45848,160.0
2022-01-29/19:20:14,21.57,988.9,980.0,66.45848,160.0
2022-01-29/19:20:15,21.57,988.9,980.0,66.45848,160.0
2022-01-29/19:20:16,21.57,988.9,980.0,61.0403,160.0
2022-01-29/19:20:17,21.57,988.9,980.0,61.0403,160.0
2022-01-29/19:20:18,21.57,988.9,980.0,61.0403,160.0
2022-01-29/19:20:19,21.57,988.9,980.0,60.87567,160.0
2022-01-29/19:20:20,21.57,988.9,980.0,60.87567,160.0
2022-01-29/19:20:21,21.57,988.9,980.0,60.87567,160.0
2022-01-29/19:20:23,21.58,988.8,985.0,58.19294,160.0
2022-01-29/19:20:24,21.58,988.8,985.0,58.19294,160.0
2022-01-29/19:20:25,21.58,988.8,985.0,58.19294,160.0
2022-01-29/19:20:26,21.58,988.8,985.0,65.93562,160.0
2022-01-29/19:20:27,21.58,988.8,985.0,65.93562,160.0
2022-01-29/19:20:28,21.58,988.8,985.0,65.93562,159.8958
2022-01-29/19:20:29,21.58,988.8,985.0,66.08355,160.0
2022-01-29/19:20:30,21.58,988.8,985.0,66.08355,160.0
2022-01-29/19:20:31,21.58,988.8,985.0,66.08355,160.0
2022-01-29/19:20:32,21.58,988.8,985.0,65.48594,160.0
2022-01-29/19:20:33,21.58,988.8,985.0,65.48594,160.0
2022-01-29/19:20:35,21.58,988.8,985.0,65.48594,160.0
2022-01-29/19:20:36,21.58,988.8,985.0,60.66193,160.0
2022-01-29/19:20:37,21.58,988.8,985.0,60.66193,160.0
2022-01-29/19:20:38,21.58,988.8,985.0,60.66193,160.0
2022-01-29/19:20:39,21.6,988.9,981.0,60.14107,160.0
2022-01-29/19:20:40,21.6,988.9,981.0,60.14107,160.0
2022-01-29/19:20:41,21.6,988.9,981.0,60.14107,160.0
2022-01-29/19:20:42,21.6,988.9,981.0,65.62955,160.0
2022-01-29/19:20:43,21.6,988.9,981.0,65.62955,160.0
2022-01-29/19:20:44,21.6,988.9,981.0,65.62955,160.0
2022-01-29/19:20:45,21.6,988.9,981.0,60.55975,160.0
2022-01-29/19:20:47,21.6,988.9,981.0,60.55975,160.0
2022-01-29/19:20:48,21.6,988.9,981.0,60.55975,160.0
2022-01-29/19:20:49,21.6,988.9,981.0,65.08923,160.0
2022-01-29/19:20:50,21.6,988.9,981.0,65.08923,160.0
2022-01-29/19:20:51,21.6,988.9,981.0,65.08923,160.0
2022-01-29/19:20:52,21.58,988.9,976.0,56.74518,160.0
2022-01-29/19:20:53,21.58,988.9,976.0,56.74518,160.0
2022-01-29/19:20:54,21.58,988.9,976.0,56.74518,160.0
2022-01-29/19:20:55,21.58,988.9,976.0,65.12371,160.0
2022-01-29/19:20:56,21.58,988.9,976.0,65.12371,160.0
2022-01-29/19:20:58,21.58,988.9,976.0,65.12371,160.0
2022-01-29/19:20:59,21.58,988.9,976.0,62.7149,160.0
2022-01-29/19:21:00,21.58,988.9,976.0,62.7149,160.0
2022-01-29/19:21:01,21.58,988.9,976.0,62.7149,160.0
2022-01-29/19:21:02,21.58,988.9,976.0,63.68662,160.0
2022-01-29/19:21:03,21.58,988.9,976.0,63.68662,160.0
2022-01-29/19:21:04,21.58,988.9,976.0,63.68662,160.0
2022-01-29/19:21:05,21.58,988.9,976.0,69.48089,160.0
2022-01-29/19:21:06,21.58,988.9,976.0,69.48089,160.0
2022-01-29/19:21:07,21.58,988.9,976.0,69.48089,160.0
2022-01-29/19:21:08,21.59,988.9,973.0,50.00339,160.0
2022-01-29/19:21:09,21.59,988.9,973.0,50.00339,160.0
2022-01-29/19:21:10,21.59,988.9,973.0,50.00339,160.0
2022-01-29/19:21:12,21.59,988.9,973.0,62.51811,160.0
2022-01-29/19:21:13,21.59,988.9,973.0,62.51811,160.0
2022-01-29/19:21:14,21.59,988.9,973.0,62.51811,160.0
2022-01-29/19:21:15,21.59,988.9,973.0,59.76541,160.2083
2022-01-29/19:21:16,21.59,988.9,973.0,59.76541,160.3125
2022-01-29/19:21:17,21.59,988.9,973.0,59.76541,160.1042
2022-01-29/19:21:18,21.59,988.9,973.0,65.61347,160.2083
2022-01-29/19:21:19,21.59,988.9,973.0,65.61347,160.4167
2022-01-29/19:21:20,21.59,988.9,973.0,65.61347,160.2083
2022-01-29/19:21:21,21.6,988.8,967.0,59.70976,160.2083
2022-01-29/19:21:22,21.6,988.8,967.0,59.70976,160.0
2022-01-29/19:21:24,21.6,988.8,967.0,59.70976,160.1042
2022-01-29/19:21:25,21.6,988.8,967.0,60.68758,160.1042
2022-01-29/19:21:26,21.6,988.8,967.0,60.68758,160.3125
2022-01-29/19:21:27,21.6,988.8,967.0,60.68758,160.2083
2022-01-29/19:21:28,21.6,988.8,967.0,65.13221,160.1042
2022-01-29/19:21:29,21.6,988.8,967.0,65.13221,160.3125
2022-01-29/19:21:30,21.6,988.8,967.0,65.13221,160.0
2022-01-29/19:21:31,21.6,988.8,967.0,62.0461,160.4167
2022-01-29/19:21:32,21.6,988.8,967.0,62.0461,160.1042
2022-01-29/19:21:33,21.6,988.8,967.0,62.0461,159.4792
2022-01-29/19:21:34,21.6,988.8,967.0,64.83141,159.1666
2022-01-29/19:21:36,21.6,988.8,967.0,64.83141,159.1666
2022-01-29/19:21:37,21.6,988.8,967.0,64.83141,159.1666
2022-01-29/19:21:38,21.6,988.9999,964.0,57.09328,159.1666
2022-01-29/19:21:39,21.6,988.9999,964.0,57.09328,159.1666
2022-01-29/19:21:40,21.6,988.9999,964.0,57.09328,159.1666
2022-01-29/19:21:41,21.6,988.9999,964.0,65.59374,159.1666
2022-01-29/19:21:42,21.6,988.9999,964.0,65.59374,159.1666
2022-01-29/19:21:43,21.6,988.9999,964.0,65.59374,159.1666
2022-01-29/19:21:44,21.6,988.9999,964.0,64.927,159.1666
2022-01-29/19:21:45,21.6,988.9999,964.0,64.927,159.1666
2022-01-29/19:21:46,21.6,988.9999,964.0,64.927,159.1666
2022-01-29/19:21:48,21.6,988.9999,964.0,63.74594,159.1666
2022-01-29/19:21:49,21.6,988.9999,964.0,63.74594,159.1666
2022-01-29/19:21:50,21.6,988.9999,964.0,63.74594,159.1666
2022-01-29/19:21:51,21.6,988.9999,964.0,65.37709,159.1666
2022-01-29/19:21:52,21.6,988.9999,964.0,65.37709,159.0625
2022-01-29/19:21:53,21.6,988.9999,964.0,65.37709,159.1666
2022-01-29/19:21:54,21.57,988.9999,964.0,57.64053,159.1666
2022-01-29/19:21:55,21.57,988.9999,964.0,57.64053,159.1666
2022-01-29/19:21:56,21.57,988.9999,964.0,57.64053,159.0625
2022-01-29/19:21:57,21.57,988.9999,964.0,65.38562,159.1666
2022-01-29/19:21:59,21.57,988.9999,964.0,65.38562,159.1666
2022-01-29/19:22:00,21.57,988.9999,964.0,65.38562,159.1666
2022-01-29/19:22:01,21.57,988.9999,964.0,63.99945,159.1666
2022-01-29/19:22:02,21.57,988.9999,964.0,63.99945,159.1666
2022-01-29/19:22:03,21.57,988.9999,964.0,63.99945,159.1666
2022-01-29/19:22:04,21.57,988.9999,964.0,65.47934,159.1666
2022-01-29/19:22:05,21.57,988.9999,964.0,65.47934,159.1666
2022-01-29/19:22:06,21.57,988.9999,964.0,65.47934,159.1666
2022-01-29/19:22:07,21.58,988.9,956.0,54.02891,159.1666
2022-01-29/19:22:08,21.58,988.9,956.0,54.02891,159.1666
2022-01-29/19:22:09,21.58,988.9,956.0,54.02891,159.1666
2022-01-29/19:22:11,21.58,988.9,956.0,65.64416,159.1666
2022-01-29/19:22:12,21.58,988.9,956.0,65.64416,159.1666
2022-01-29/19:22:13,21.58,988.9,956.0,65.64416,159.1666
2022-01-29/19:22:14,21.58,988.9,956.0,64.92976,158.9583
2022-01-29/19:22:15,21.58,988.9,956.0,64.92976,159.1666
2022-01-29/19:22:16,21.58,988.9,956.0,64.92976,159.1666
2022-01-29/19:22:17,21.58,988.9,956.0,64.40995,159.1666
2022-01-29/19:22:18,21.58,988.9,956.0,64.40995,159.1666
2022-01-29/19:22:19,21.58,988.9,956.0,64.40995,159.1666
2022-01-29/19:22:20,21.58,988.9,956.0,65.07835,159.1666
2022-01-29/19:22:21,21.58,988.9,956.0,65.07835,159.1666
2022-01-29/19:22:23,21.58,988.9,956.0,65.07835,159.1666
2022-01-29/19:22:24,21.58,988.9,962.0,59.15491,159.1666
2022-01-29/19:22:25,21.58,988.9,962.0,59.15491,159.0625
2022-01-29/19:22:26,21.58,988.9,962.0,59.15491,159.1666
2022-01-29/19:22:27,21.58,988.9,962.0,65.78277,159.1666
2022-01-29/19:22:28,21.58,988.9,962.0,65.78277,159.1666
2022-01-29/19:22:29,21.58,988.9,962.0,65.78277,159.1666
2022-01-29/19:22:30,21.58,988.9,962.0,65.32411,159.1666
2022-01-29/19:22:31,21.58,988.9,962.0,65.32411,159.1666
2022-01-29/19:22:32,21.58,988.9,962.0,65.32411,159.1666
2022-01-29/19:22:34,21.58,988.9,962.0,65.57273,159.0625
2022-01-29/19:22:35,21.58,988.9,962.0,65.57273,158.6458
2022-01-29/19:22:36,21.58,988.9,962.0,65.57273,158.75
2022-01-29/19:22:37,21.57,988.9999,963.0,57.83924,158.9583
2022-01-29/19:22:38,21.57,988.9999,963.0,57.83924,159.1666
2022-01-29/19:22:39,21.57,988.9999,963.0,57.83924,158.9583
2022-01-29/19:22:40,21.57,988.9999,963.0,65.51034,158.8542
2022-01-29/19:22:41,21.57,988.9999,963.0,65.51034,159.0625
2022-01-29/19:22:42,21.57,988.9999,963.0,65.51034,158.9583
2022-01-29/19:22:43,21.57,988.9999,963.0,65.12849,159.0625
2022-01-29/19:22:44,21.57,988.9999,963.0,65.12849,159.1666
2022-01-29/19:22:46,21.57,988.9999,963.0,65.12849,158.9583
2022-01-29/19:22:47,21.57,988.9999,963.0,63.98399,158.8542
2022-01-29/19:22:48,21.57,988.9999,963.0,63.98399,158.9583
2022-01-29/19:22:49,21.57,988.9999,963.0,63.98399,158.5417
2022-01-29/19:22:50,21.57,988.9999,963.0,65.05669,158.5417
2022-01-29/19:22:51,21.57,988.9999,963.0,65.05669,158.5417
2022-01-29/19:22:52,21.57,988.9999,963.0,65.05669,158.75
2022-01-29/19:22:53,21.58,988.9999,963.0,55.00267,159.0625
2022-01-29/19:22:54,21.58,988.9999,963.0,55.00267,158.75
2022-01-29/19:22:55,21.58,988.9999,963.0,55.00267,158.9583
2022-01-29/19:22:56,21.58,988.9999,963.0,65.06322,159.0625
2022-01-29/19:22:58,21.58,988.9999,963.0,65.06322,159.0625
2022-01-29/19:22:59,21.58,988.9999,963.0,65.06322,159.0625
2022-01-29/19:23:00,21.58,988.9999,963.0,66.61517,159.1666
2022-01-29/19:23:01,21.58,988.9999,963.0,66.61517,158.6458
2022-01-29/19:23:02,21.58,988.9999,963.0,66.61517,158.9583
2022-01-29/19:23:03,21.58,988.9999,963.0,64.82172,159.1666
2022-01-29/19:23:04,21.58,988.9999,963.0,64.82172,158.8542
2022-01-29/19:23:05,21.58,988.9999,963.0,64.82172,158.75
2022-01-29/19:23:06,21.57,988.9,961.0,63.8284,158.8542
2022-01-29/19:23:07,21.57,988.9,961.0,63.8284,159.0625
2022-01-29/19:23:08,21.57,988.9,961.0,63.8284,158.8542
2022-01-29/19:23:10,21.57,988.9,961.0,59.54594,159.0625
2022-01-29/19:23:11,21.57,988.9,961.0,59.54594,158.75
2022-01-29/19:23:12,21.57,988.9,961.0,59.54594,158.9583
2022-01-29/19:23:13,21.57,988.9,961.0,64.86924,158.9583
2022-01-29/19:23:14,21.57,988.9,961.0,64.86924,158.8542
2022-01-29/19:23:15,21.57,988.9,961.0,64.86924,158.75
2022-01-29/19:23:16,21.57,988.9,961.0,64.4239,158.9583
2022-01-29/19:23:17,21.57,988.9,961.0,64.4239,158.5417
2022-01-29/19:23:18,21.57,988.9,961.0,64.4239,158.5417
2022-01-29/19:23:19,21.57,988.9,961.0,65.11724,158.9583
2022-01-29/19:23:21,21.57,988.9,961.0,65.11724,158.75
2022-01-29/19:23:22,21.57,988.9,961.0,65.11724,158.6458
2022-01-29/19:23:23,21.56,988.9,960.0,55.03308,158.8542
2022-01-29/19:23:24,21.56,988.9,960.0,55.03308,158.75
2022-01-29/19:23:25,21.56,988.9,960.0,55.03308,158.75
2022-01-29/19:23:26,21.56,988.9,960.0,66.06338,158.9583
2022-01-29/19:23:27,21.56,988.9,960.0,66.06338,158.8542
2022-01-29/19:23:28,21.56,988.9,960.0,66.06338,159.0625
2022-01-29/19:23:29,21.56,988.9,960.0,65.41911,158.8541
2022-01-29/19:23:30,21.56,988.9,960.0,65.41911,158.8541
2022-01-29/19:23:31,21.56,988.9,960.0,65.41911,158.9583
2022-01-29/19:23:33,21.56,988.9,960.0,65.6222,159.1666
2022-01-29/19:23:34,21.56,988.9,960.0,65.6222,158.9583
2022-01-29/19:23:35,21.56,988.9,960.0,65.6222,158.75
2022-01-29/19:23:36,21.56,988.9,960.0,64.12769,159.0625
2022-01-29/19:23:37,21.56,988.9,960.0,64.12769,158.9583
2022-01-29/19:23:38,21.56,988.9,960.0,64.12769,158.9583
2022-01-29/19:23:39,21.53,988.9,965.0,57.92228,158.9583
2022-01-29/19:23:40,21.53,988.9,965.0,57.92228,159.0625
2022-01-29/19:23:41,21.53,988.9,965.0,57.92228,159.1666
2022-01-29/19:23:42,21.53,988.9,965.0,64.18293,158.9583
2022-01-29/19:23:43,21.53,988.9,965.0,64.18293,159.0625
2022-01-29/19:23:45,21.53,988.9,965.0,64.18293,158.9583
2022-01-29/19:23:46,21.53,988.9,965.0,65.26875,158.9583
2022-01-29/19:23:47,21.53,988.9,965.0,65.26875,158.9583
2022-01-29/19:23:48,21.53,988.9,965.0,65.26875,158.8542
2022-01-29/19:23:49,21.53,988.9,965.0,65.95527,158.75
2022-01-29/19:23:50,21.53,988.9,965.0,65.95527,158.9583
2022-01-29/19:23:51,21.53,988.9,965.0,65.95527,159.0625
2022-01-29/19:23:52,21.52,988.9,961.0,56.63883,158.6458
2022-01-29/19:23:53,21.52,988.9,961.0,56.63883,158.6458
2022-01-29/19:23:54,21.52,988.9,961.0,56.63883,158.8542
2022-01-29/19:23:56,21.52,988.9,961.0,62.85678,158.75
2022-01-29/19:23:57,21.52,988.9,961.0,62.85678,158.9583
2022-01-29/19:23:58,21.52,988.9,961.0,62.85678,158.9583
2022-01-29/19:23:59,21.52,988.9,961.0,65.00994,158.9583
2022-01-29/19:24:00,21.52,988.9,961.0,65.00994,158.8542
2022-01-29/19:24:01,21.52,988.9,961.0,65.00994,158.75
2022-01-29/19:24:02,21.52,988.9,961.0,61.80748,158.8542
2022-01-29/19:24:03,21.52,988.9,961.0,61.80748,159.1666
2022-01-29/19:24:04,21.52,988.9,961.0,61.80748,158.8542
2022-01-29/19:24:05,21.52,988.9,961.0,58.33473,158.8542
2022-01-29/19:24:06,21.52,988.9,961.0,58.33473,159.0625
2022-01-29/19:24:08,21.52,988.9,961.0,58.33473,158.8541
2022-01-29/19:24:09,21.53,988.9999,967.0,53.65268,158.8542
2022-01-29/19:24:10,21.53,988.9999,967.0,53.65268,159.0625
2022-01-29/19:24:11,21.53,988.9999,967.0,53.65268,159.0625
2022-01-29/19:24:12,21.53,988.9999,967.0,53.6396,159.0625
2022-01-29/19:24:13,21.53,988.9999,967.0,53.6396,159.0625
2022-01-29/19:24:14,21.53,988.9999,967.0,53.6396,158.8542
2022-01-29/19:24:15,21.53,988.9999,967.0,71.68206,159.0625
2022-01-29/19:24:16,21.53,988.9999,967.0,71.68206,159.0625
2022-01-29/19:24:17,21.53,988.9999,967.0,71.68206,159.0625
2022-01-29/19:24:18,21.53,988.9999,967.0,66.54925,158.8542
2022-01-29/19:24:20,21.53,988.9999,967.0,66.54925,158.5417
2022-01-29/19:24:21,21.53,988.9999,967.0,66.54925,158.9583
2022-01-29/19:24:22,21.54,988.9,964.0,59.89487,158.9583
2022-01-29/19:24:23,21.54,988.9,964.0,59.89487,159.0625
2022-01-29/19:24:24,21.54,988.9,964.0,59.89487,158.8542
2022-01-29/19:24:25,21.54,988.9,964.0,64.1499,159.0625
2022-01-29/19:24:26,21.54,988.9,964.0,64.1499,158.8542
2022-01-29/19:24:27,21.54,988.9,964.0,64.1499,158.9583
2022-01-29/19:24:28,21.54,988.9,964.0,64.20112,158.6458
2022-01-29/19:24:29,21.54,988.9,964.0,64.20112,158.9583
2022-01-29/19:24:30,21.54,988.9,964.0,64.20112,158.75
2022-01-29/19:24:32,21.54,988.9,964.0,50.21057,158.75
2022-01-29/19:24:33,21.54,988.9,964.0,50.21057,158.9583
2022-01-29/19:24:34,21.54,988.9,964.0,50.21057,159.1666
2022-01-29/19:24:35,21.54,988.9,964.0,57.38511,158.75
2022-01-29/19:24:36,21.54,988.9,964.0,57.38511,158.5417
2022-01-29/19:24:37,21.54,988.9,964.0,57.38511,158.3333
2022-01-29/19:24:38,21.54,988.9,970.0,50.55296,158.2292
2022-01-29/19:24:39,21.54,988.9,970.0,50.55296,158.3333
2022-01-29/19:24:40,21.54,988.9,970.0,50.55296,158.3333
2022-01-29/19:24:41,21.54,988.9,970.0,51.56387,158.4375
2022-01-29/19:24:43,21.54,988.9,970.0,51.56387,158.8542
2022-01-29/19:24:44,21.54,988.9,970.0,51.56387,158.9583
2022-01-29/19:24:45,21.54,988.9,970.0,60.17471,158.9583
2022-01-29/19:24:46,21.54,988.9,970.0,60.17471,159.0625
2022-01-29/19:24:47,21.54,988.9,970.0,60.17471,158.9583
2022-01-29/19:24:48,21.54,988.9,970.0,46.77978,159.1666
2022-01-29/19:24:49,21.54,988.9,970.0,46.77978,158.75
2022-01-29/19:24:50,21.54,988.9,970.0,46.77978,158.6458
2022-01-29/19:24:51,21.56,988.9999,977.0,55.95555,158.4375
2022-01-29/19:24:52,21.56,988.9999,977.0,55.95555,158.3333
2022-01-29/19:24:53,21.56,988.9999,977.0,55.95555,158.3333
2022-01-29/19:24:55,21.56,988.9999,977.0,51.11282,158.6458
2022-01-29/19:24:56,21.56,988.9999,977.0,51.11282,158.8542
2022-01-29/19:24:57,21.56,988.9999,977.0,51.11282,158.8542
2022-01-29/19:24:58,21.56,988.9999,977.0,55.30244,158.75
2022-01-29/19:24:59,21.56,988.9999,977.0,55.30244,158.9583
2022-01-29/19:25:00,21.56,988.9999,977.0,55.30244,158.75
2022-01-29/19:25:01,21.56,988.9999,977.0,55.05208,158.8542
2022-01-29/19:25:02,21.56,988.9999,977.0,55.05208,158.75
2022-01-29/19:25:03,21.56,988.9999,977.0,55.05208,158.9583
2022-01-29/19:25:04,21.56,988.9999,977.0,54.7573,158.8542
2022-01-29/19:25:05,21.56,988.9999,977.0,54.7573,159.0625
2022-01-29/19:25:07,21.56,988.9999,977.0,54.7573,158.9583
2022-01-29/19:25:08,21.6,988.9999,984.0,52.45745,159.0625
2022-01-29/19:25:09,21.6,988.9999,984.0,52.45745,158.75
2022-01-29/19:25:10,21.6,988.9999,984.0,52.45745,159.1666
2022-01-29/19:25:11,21.6,988.9999,984.0,55.44754,158.9583
2022-01-29/19:25:12,21.6,988.9999,984.0,55.44754,159.0625
2022-01-29/19:25:13,21.6,988.9999,984.0,55.44754,158.8542
2022-01-29/19:25:14,21.6,988.9999,984.0,47.38473,159.0625
2022-01-29/19:25:15,21.6,988.9999,984.0,47.38473,158.8542
2022-01-29/19:25:16,21.6,988.9999,984.0,47.38473,158.8542
2022-01-29/19:25:17,21.6,988.9999,984.0,59.49924,158.9583
2022-01-29/19:25:19,21.6,988.9999,984.0,59.49924,158.9583
2022-01-29/19:25:20,21.6,988.9999,984.0,59.49924,159.1666
2022-01-29/19:25:21,21.6,988.9999,984.0,54.81779,158.8542
2022-01-29/19:25:22,21.6,988.9999,984.0,54.81779,158.9583
2022-01-29/19:25:23,21.6,988.9999,984.0,54.81779,158.9583
2022-01-29/19:25:24,21.67,989.1,993.0,52.08417,158.4375
2022-01-29/19:25:25,21.67,989.1,993.0,52.08417,158.75
2022-01-29/19:25:26,21.67,989.1,993.0,52.08417,158.6458
2022-01-29/19:25:27,21.67,989.1,993.0,67.25769,158.5417
2022-01-29/19:25:28,21.67,989.1,993.0,67.25769,158.6458
2022-01-29/19:25:30,21.67,989.1,993.0,67.25769,158.8542
2022-01-29/19:25:31,21.67,989.1,993.0,61.95432,159.0625
2022-01-29/19:25:32,21.67,989.1,993.0,61.95432,158.6458
2022-01-29/19:25:33,21.67,989.1,993.0,61.95432,159.1666
2022-01-29/19:25:34,21.67,989.1,993.0,65.46465,158.8542
2022-01-29/19:25:35,21.67,989.1,993.0,65.46465,158.75
2022-01-29/19:25:36,21.67,989.1,993.0,65.46465,159.0625
2022-01-29/19:25:37,21.68,989.1,1001.0,69.33502,158.75
2022-01-29/19:25:38,21.68,989.1,1001.0,69.33502,158.8542
2022-01-29/19:25:39,21.68,989.1,1001.0,69.33502,158.6458
2022-01-29/19:25:40,21.68,989.1,1001.0,64.09664,158.6458
2022-01-29/19:25:42,21.68,989.1,1001.0,64.09664,158.9583
2022-01-29/19:25:43,21.68,989.1,1001.0,64.09664,159.0625
2022-01-29/19:25:44,21.68,989.1,1001.0,68.44379,158.8542
2022-01-29/19:25:45,21.68,989.1,1001.0,68.44379,158.8542
2022-01-29/19:25:46,21.68,989.1,1001.0,68.44379,158.75
2022-01-29/19:25:47,21.68,989.1,1001.0,64.78014,158.9583
2022-01-29/19:25:48,21.68,989.1,1001.0,64.78014,158.6458
2022-01-29/19:25:49,21.68,989.1,1001.0,64.78014,158.6458
2022-01-29/19:25:50,21.68,989.1,1001.0,65.77016,158.4375
2022-01-29/19:25:51,21.68,989.1,1001.0,65.77016,158.6458
2022-01-29/19:25:52,21.68,989.1,1001.0,65.77016,158.6458
2022-01-29/19:25:54,21.6,988.9,1000.0,57.55405,158.75
2022-01-29/19:25:55,21.6,988.9,1000.0,57.55405,158.6458
2022-01-29/19:25:56,21.6,988.9,1000.0,57.55405,158.6458
2022-01-29/19:25:57,21.6,988.9,1000.0,61.80282,158.75
2022-01-29/19:25:58,21.6,988.9,1000.0,61.80282,158.5417
2022-01-29/19:25:59,21.6,988.9,1000.0,61.80282,158.4375
2022-01-29/19:26:00,21.6,988.9,1000.0,65.37872,158.75
2022-01-29/19:26:01,21.6,988.9,1000.0,65.37872,158.5417
2022-01-29/19:26:02,21.6,988.9,1000.0,65.37872,158.75
2022-01-29/19:26:03,21.6,988.9,1000.0,63.6244,158.6458
2022-01-29/19:26:05,21.6,988.9,1000.0,63.6244,158.6458
2022-01-29/19:26:06,21.6,988.9,1000.0,63.6244,158.9583
2022-01-29/19:26:07,21.6,988.9999,997.0,60.55162,158.5417
2022-01-29/19:26:08,21.6,988.9999,997.0,60.55162,158.6458
2022-01-29/19:26:09,21.6,988.9999,997.0,60.55162,158.6458
2022-01-29/19:26:10,21.6,988.9999,997.0,63.64998,158.5417
2022-01-29/19:26:11,21.6,988.9999,997.0,63.64998,158.5417
2022-01-29/19:26:12,21.6,988.9999,997.0,63.64998,158.75
2022-01-29/19:26:13,21.6,988.9999,997.0,64.62907,158.8542
2022-01-29/19:26:14,21.6,988.9999,997.0,64.62907,158.6458
2022-01-29/19:26:15,21.6,988.9999,997.0,64.62907,158.6458
2022-01-29/19:26:17,21.6,988.9999,997.0,60.66237,158.5417
2022-01-29/19:26:18,21.6,988.9999,997.0,60.66237,158.6458
2022-01-29/19:26:19,21.6,988.9999,997.0,60.66237,158.6458
2022-01-29/19:26:20,21.6,988.9999,997.0,64.60145,158.5417
2022-01-29/19:26:21,21.6,988.9999,997.0,64.60145,158.6458
2022-01-29/19:26:22,21.6,988.9999,997.0,64.60145,158.4375
2022-01-29/19:26:23,21.56,988.9,987.0,63.78141,158.4375
2022-01-29/19:26:24,21.56,988.9,987.0,63.78141,158.3333
2022-01-29/19:26:25,21.56,988.9,987.0,63.78141,158.3333
2022-01-29/19:26:26,21.56,988.9,987.0,58.64303,158.3333
2022-01-29/19:26:27,21.56,988.9,987.0,58.64303,158.0208
2022-01-29/19:26:29,21.56,988.9,987.0,58.64303,157.9167
2022-01-29/19:26:30,21.56,988.9,987.0,60.98174,158.3333
2022-01-29/19:26:31,21.56,988.9,987.0,60.98174,158.3333
2022-01-29/19:26:32,21.56,988.9,987.0,60.98174,158.3333
2022-01-29/19:26:33,21.56,988.9,987.0,56.78089,157.9167
2022-01-29/19:26:34,21.56,988.9,987.0,56.78089,157.7083
2022-01-29/19:26:35,21.56,988.9,987.0,56.78089,158.2292
2022-01-29/19:26:36,21.56,988.9,987.0,59.15884,158.3333
2022-01-29/19:26:37,21.56,988.9,987.0,59.15884,160.5208
2022-01-29/19:26:38,21.56,988.9,987.0,59.15884,161.6666
2022-01-29/19:26:39,21.59,988.9,980.0,54.89104,161.6666
2022-01-29/19:26:41,21.59,988.9,980.0,54.89104,161.6667
2022-01-29/19:26:42,21.59,988.9,980.0,54.89104,162.5
2022-01-29/19:26:43,21.59,988.9,980.0,59.90637,163.5417
2022-01-29/19:26:44,21.59,988.9,980.0,59.90637,164.1666
2022-01-29/19:26:45,21.59,988.9,980.0,59.90637,163.8542
2022-01-29/19:26:46,21.59,988.9,980.0,63.14382,162.5
2022-01-29/19:26:47,21.59,988.9,980.0,63.14382,162.8125
2022-01-29/19:26:48,21.59,988.9,980.0,63.14382,155.4167
2022-01-29/19:26:49,21.59,988.9,980.0,66.43312,164.2708
2022-01-29/19:26:50,21.59,988.9,980.0,66.43312,164.2708
2022-01-29/19:26:54,21.59,988.9,980.0,66.43312,164.6875