time,tempce,luftfeucht,co2,laut,hell
2022-01-29/15:00:21,21.66,992.6,1053.0,70.77101,14.16667
2022-01-29/15:00:22,21.66,992.6,1053.0,66.97707,14.16667
2022-01-29/15:00:23,21.66,992.6,1053.0,67.52672,14.16667
2022-01-29/15:00:24,21.66,992.6,1053.0,67.31941,14.16667
2022-01-29/15:00:25,21.66,992.6,1053.0,68.78333,14.16667
2022-01-29/15:00:26,21.66,992.6,1053.0,68.49496,12.5
2022-01-29/15:00:27,21.66,992.6,1053.0,67.52672,13.33333
2022-01-29/15:00:28,21.66,992.6,1053.0,66.10545,13.33333
2022-01-29/15:00:29,21.66,992.6,1053.0,67.68907,13.33333
2022-01-29/15:00:30,21.66,992.6,1053.0,68.42136,14.16667
2022-01-29/15:00:31,21.66,992.6,1053.0,68.00496,12.5
2022-01-29/15:00:32,21.66,992.6,1053.0,68.00496,11.66667
2022-01-29/15:00:33,21.73,992.7,1063.0,67.84845,12.5
2022-01-29/15:00:34,21.73,992.7,1063.0,78.94155,12.5
2022-01-29/15:00:35,21.73,992.7,1063.0,64.918,12.5
2022-01-29/15:00:36,21.73,992.7,1063.0,67.76913,13.33333
2022-01-29/15:00:37,21.73,992.7,1063.0,68.1587,14.16667
2022-01-29/15:00:38,21.73,992.7,1063.0,67.14992,14.16667
2022-01-29/15:00:39,21.73,992.7,1063.0,64.63687,14.16667
2022-01-29/15:00:40,21.73,992.7,1063.0,67.84845,14.16667
2022-01-29/15:00:41,21.73,992.7,1063.0,68.64034,14.16667
2022-01-29/15:00:42,21.73,992.7,1063.0,66.48315,14.16667
2022-01-29/15:00:43,21.73,992.7,1063.0,67.44439,14.16667
2022-01-29/15:00:44,21.73,992.7,1063.0,66.10545,14.16667
2022-01-29/15:00:45,21.73,992.7,1063.0,68.12051,14.16667
2022-01-29/15:00:46,21.73,992.7,1063.0,68.27224,14.16667
2022-01-29/15:00:47,21.73,992.7,1063.0,67.64877,15.0
2022-01-29/15:00:48,21.8,992.7,1066.0,67.06392,14.16667
2022-01-29/15:00:50,21.8,992.7,1066.0,56.26856,15.0
2022-01-29/15:00:51,21.8,992.7,1066.0,66.39026,14.16667
2022-01-29/15:00:52,21.8,992.7,1066.0,66.84513,14.16667
2022-01-29/15:00:53,21.8,992.7,1066.0,67.27735,14.16667
2022-01-29/15:00:54,21.8,992.7,1066.0,66.80069,13.33333
2022-01-29/15:00:55,21.8,992.7,1066.0,66.34343,13.33333
2022-01-29/15:00:56,21.8,992.7,1066.0,66.10545,13.33333
2022-01-29/15:00:57,21.8,992.7,1066.0,67.64877,14.16667
2022-01-29/15:00:58,21.8,992.7,1066.0,67.96609,14.16667
2022-01-29/15:00:59,21.8,992.7,1066.0,66.84513,15.0
2022-01-29/15:01:00,21.8,992.7,1066.0,67.7292,15.83333
2022-01-29/15:01:01,21.8,992.7,1066.0,65.71057,15.83333
2022-01-29/15:01:02,21.8,992.7,1066.0,67.84845,15.83333
2022-01-29/15:01:03,21.8,992.7,1066.0,66.52924,15.83333
2022-01-29/15:01:04,21.87,992.7999,1063.0,68.1587,15.0
2022-01-29/15:01:05,21.87,992.7999,1063.0,66.71114,14.16667
2022-01-29/15:01:06,21.87,992.7999,1063.0,67.76913,14.16667
2022-01-29/15:01:07,21.87,992.7999,1063.0,68.1587,14.16667
2022-01-29/15:01:08,21.87,992.7999,1063.0,68.08217,15.0
2022-01-29/15:01:09,21.87,992.7999,1063.0,66.29636,14.16667
2022-01-29/15:01:10,21.87,992.7999,1063.0,66.34343,14.16667
2022-01-29/15:01:11,21.87,992.7999,1063.0,65.1903,13.33333
2022-01-29/15:01:12,21.87,992.7999,1063.0,68.67631,13.33333
2022-01-29/15:01:13,21.87,992.7999,1063.0,67.19261,15.0
2022-01-29/15:01:14,21.87,992.7999,1063.0,66.71114,15.0
2022-01-29/15:01:15,21.87,992.7999,1063.0,67.48565,15.0
2022-01-29/15:01:16,21.87,992.7999,1063.0,66.80069,14.16667
2022-01-29/15:01:17,21.87,992.7999,1063.0,67.0206,14.16667
2022-01-29/15:01:18,21.87,992.7999,1063.0,67.92706,14.16667
2022-01-29/15:01:19,21.93,992.6,1057.0,73.19189,14.16667
2022-01-29/15:01:20,21.93,992.6,1057.0,67.31941,14.16667
2022-01-29/15:01:21,21.93,992.6,1057.0,66.24902,13.33333
2022-01-29/15:01:22,21.93,992.6,1057.0,67.80889,12.5
2022-01-29/15:01:23,21.93,992.6,1057.0,63.67078,12.5
2022-01-29/15:01:24,21.93,992.6,1057.0,68.1587,14.16667
2022-01-29/15:01:25,21.93,992.6,1057.0,67.44439,14.16667
2022-01-29/15:01:26,21.93,992.6,1057.0,66.34343,15.0
2022-01-29/15:01:27,21.93,992.6,1057.0,67.36127,15.83333
2022-01-29/15:01:28,21.93,992.6,1057.0,67.5676,15.83333
2022-01-29/15:01:29,21.93,992.6,1057.0,66.52924,15.0
2022-01-29/15:01:30,21.93,992.6,1057.0,65.95947,15.0
2022-01-29/15:01:31,21.93,992.6,1057.0,67.60828,15.0
2022-01-29/15:01:32,21.93,992.6,1057.0,67.68907,15.0
2022-01-29/15:01:33,22.01,992.7,1058.0,68.00496,15.0
2022-01-29/15:01:34,22.01,992.7,1058.0,21.0,15.0
2022-01-29/15:01:35,22.01,992.7,1058.0,67.60828,15.0
2022-01-29/15:01:36,22.01,992.7,1058.0,65.65992,14.16667
2022-01-29/15:01:37,22.01,992.7,1058.0,66.80069,15.83333
2022-01-29/15:01:38,22.01,992.7,1058.0,67.36127,15.0
2022-01-29/15:01:39,22.01,992.7,1058.0,68.85394,15.83333
2022-01-29/15:01:41,22.01,992.7,1058.0,66.88933,15.0
2022-01-29/15:01:42,22.01,992.7,1058.0,64.40523,14.16667
2022-01-29/15:01:43,22.01,992.7,1058.0,66.52924,14.16667
2022-01-29/15:01:44,22.01,992.7,1058.0,67.92706,16.66667
2022-01-29/15:01:45,22.01,992.7,1058.0,67.19261,15.0
2022-01-29/15:01:46,22.01,992.7,1058.0,67.92706,15.83333
2022-01-29/15:01:47,22.01,992.7,1058.0,66.05706,16.66667
2022-01-29/15:01:48,22.01,992.7,1058.0,67.96609,16.66667
2022-01-29/15:01:49,22.08,992.7,1059.0,67.96609,16.66667
2022-01-29/15:01:50,22.08,992.7,1059.0,65.34968,16.66667
2022-01-29/15:01:51,22.08,992.7,1059.0,66.05706,16.66667
2022-01-29/15:01:52,22.08,992.7,1059.0,66.10545,16.66667
2022-01-29/15:01:53,22.08,992.7,1059.0,67.40293,16.66667
2022-01-29/15:01:54,22.08,992.7,1059.0,67.88785,16.66667
2022-01-29/15:01:55,22.08,992.7,1059.0,67.48565,16.66667
2022-01-29/15:01:56,22.08,992.7,1059.0,68.08217,15.0
2022-01-29/15:01:57,22.08,992.7,1059.0,65.45433,15.0
2022-01-29/15:01:58,22.08,992.7,1059.0,69.49764,16.66667
2022-01-29/15:01:59,22.08,992.7,1059.0,66.57507,16.66667
2022-01-29/15:02:00,22.08,992.7,1059.0,67.0206,15.0
2022-01-29/15:02:01,22.08,992.7,1059.0,66.57507,15.83333
2022-01-29/15:02:02,22.08,992.7,1059.0,67.31941,15.83333
2022-01-29/15:02:03,22.08,992.7,1059.0,66.66603,14.16667
2022-01-29/15:02:04,22.14,992.7,1060.0,63.07607,14.16667
2022-01-29/15:02:05,22.14,992.7,1060.0,67.52672,14.16667
2022-01-29/15:02:06,22.14,992.7,1060.0,66.20142,15.0
2022-01-29/15:02:07,22.14,992.7,1060.0,66.10545,17.5
2022-01-29/15:02:08,22.14,992.7,1060.0,67.14992,17.5
2022-01-29/15:02:09,22.14,992.7,1060.0,66.88933,17.5
2022-01-29/15:02:10,22.14,992.7,1060.0,68.64034,16.66667
2022-01-29/15:02:11,22.14,992.7,1060.0,67.5676,18.33333
2022-01-29/15:02:12,22.14,992.7,1060.0,66.84513,17.5
2022-01-29/15:02:13,22.14,992.7,1060.0,69.43208,15.0
2022-01-29/15:02:14,22.14,992.7,1060.0,67.84845,15.83333
2022-01-29/15:02:15,22.14,992.7,1060.0,67.36127,15.83333
2022-01-29/15:02:16,22.14,992.7,1060.0,65.65992,15.0
2022-01-29/15:02:17,22.14,992.7,1060.0,66.66603,15.0
2022-01-29/15:02:18,22.2,992.7,1070.0,67.96609,15.0
2022-01-29/15:02:19,22.2,992.7,1070.0,70.77101,15.83333
2022-01-29/15:02:20,22.2,992.7,1070.0,67.40293,15.83333
2022-01-29/15:02:21,22.2,992.7,1070.0,65.1903,17.5
2022-01-29/15:02:22,22.2,992.7,1070.0,66.66603,17.5
2022-01-29/15:02:23,22.2,992.7,1070.0,66.57507,17.5
2022-01-29/15:02:24,22.2,992.7,1070.0,66.57507,17.5
2022-01-29/15:02:25,22.2,992.7,1070.0,67.60828,17.5
2022-01-29/15:02:26,22.2,992.7,1070.0,67.48565,17.5
2022-01-29/15:02:27,22.2,992.7,1070.0,66.0084,17.5
2022-01-29/15:02:28,22.2,992.7,1070.0,68.1587,15.83333
2022-01-29/15:02:29,22.2,992.7,1070.0,68.12051,15.83333
2022-01-29/15:02:30,22.2,992.7,1070.0,66.97707,15.83333
2022-01-29/15:02:32,22.2,992.7,1070.0,66.43683,16.66667
2022-01-29/15:02:33,22.2,992.7,1070.0,66.29636,17.5
2022-01-29/15:02:34,22.25,992.7,1080.0,64.40523,15.0
2022-01-29/15:02:35,22.25,992.7,1080.0,65.0824,15.0
2022-01-29/15:02:36,22.25,992.7,1080.0,66.62067,14.16667
2022-01-29/15:02:37,22.25,992.7,1080.0,66.05706,15.83333
2022-01-29/15:02:38,22.25,992.7,1080.0,66.0084,15.83333
2022-01-29/15:02:39,22.25,992.7,1080.0,68.64034,15.83333
2022-01-29/15:02:40,22.25,992.7,1080.0,73.62888,49.16667
2022-01-29/15:02:41,22.25,992.7,1080.0,81.19752,35.0
2022-01-29/15:02:42,22.25,992.7,1080.0,65.45433,21.66667
2022-01-29/15:02:43,22.25,992.7,1080.0,67.7292,20.83333
2022-01-29/15:02:44,22.25,992.7,1080.0,65.91026,20.83333
2022-01-29/15:02:45,22.25,992.7,1080.0,66.80069,20.0
2022-01-29/15:02:46,22.25,992.7,1080.0,66.52924,36.66667
2022-01-29/15:02:47,22.25,992.7,1080.0,65.86076,36.66667
2022-01-29/15:02:48,22.25,992.7,1080.0,66.43683,36.66667
2022-01-29/15:02:49,22.32,992.7,1087.0,47.44439,35.83333
2022-01-29/15:02:50,22.32,992.7,1087.0,66.48315,35.83333
2022-01-29/15:02:51,22.32,992.7,1087.0,65.60898,35.0
2022-01-29/15:02:52,22.32,992.7,1087.0,65.40216,35.0
2022-01-29/15:02:53,22.32,992.7,1087.0,65.34968,34.16667
2022-01-29/15:02:54,22.32,992.7,1087.0,67.23508,34.16667
2022-01-29/15:02:55,22.32,992.7,1087.0,66.05706,36.66667
2022-01-29/15:02:56,22.32,992.7,1087.0,67.19261,35.0
2022-01-29/15:02:57,22.32,992.7,1087.0,66.97707,35.0
2022-01-29/15:02:58,22.32,992.7,1087.0,63.60668,35.0
2022-01-29/15:02:59,22.32,992.7,1087.0,67.14992,35.83333
2022-01-29/15:03:00,22.32,992.7,1087.0,64.34635,38.33333
2022-01-29/15:03:01,22.32,992.7,1087.0,66.20142,38.33333
2022-01-29/15:03:02,22.32,992.7,1087.0,67.44439,37.5
2022-01-29/15:03:03,22.38,992.7,1086.0,67.10702,37.5
2022-01-29/15:03:04,22.38,992.7,1086.0,79.54741,37.5
2022-01-29/15:03:05,22.38,992.7,1086.0,64.97314,38.33333
2022-01-29/15:03:06,22.38,992.7,1086.0,64.40523,38.33333
2022-01-29/15:03:07,22.38,992.7,1086.0,67.64877,38.33333
2022-01-29/15:03:08,22.38,992.7,1086.0,66.71114,27.5
2022-01-29/15:03:09,22.38,992.7,1086.0,65.0824,30.0
2022-01-29/15:03:10,22.38,992.7,1086.0,65.76093,25.83333
2022-01-29/15:03:11,22.38,992.7,1086.0,68.56796,27.5
2022-01-29/15:03:12,22.38,992.7,1086.0,66.48315,28.33333
2022-01-29/15:03:13,22.38,992.7,1086.0,65.55773,34.16667
2022-01-29/15:03:14,22.38,992.7,1086.0,65.29687,39.16667
2022-01-29/15:03:16,22.38,992.7,1086.0,60.46256,25.83333
2022-01-29/15:03:17,22.38,992.7,1086.0,67.31941,31.66667
2022-01-29/15:03:18,22.38,992.7,1086.0,65.71057,39.16667
2022-01-29/15:03:19,22.43,992.7,1080.0,63.07607,39.16667
2022-01-29/15:03:20,22.43,992.7,1080.0,57.65018,39.16667
2022-01-29/15:03:21,22.43,992.7,1080.0,65.65992,39.16667
2022-01-29/15:03:22,22.43,992.7,1080.0,60.82452,39.16667
2022-01-29/15:03:23,22.43,992.7,1080.0,68.04365,39.16667
2022-01-29/15:03:24,22.43,992.7,1080.0,67.36127,40.83333
2022-01-29/15:03:25,22.43,992.7,1080.0,66.10545,40.0
2022-01-29/15:03:26,22.43,992.7,1080.0,66.10545,40.0
2022-01-29/15:03:27,22.43,992.7,1080.0,64.75041,40.0
2022-01-29/15:03:28,22.43,992.7,1080.0,66.84513,40.83333
2022-01-29/15:03:29,22.43,992.7,1080.0,66.29636,40.0
2022-01-29/15:03:30,22.43,992.7,1080.0,66.57507,40.0
2022-01-29/15:03:31,22.43,992.7,1080.0,72.77664,40.0
2022-01-29/15:03:32,22.43,992.7,1080.0,67.88785,40.0
2022-01-29/15:03:33,22.43,992.7,1080.0,64.46373,40.0
2022-01-29/15:03:34,22.48,992.6,1083.0,46.10545,39.16667
2022-01-29/15:03:35,22.48,992.6,1083.0,66.15357,39.16667
2022-01-29/15:03:36,22.48,992.6,1083.0,63.07607,40.0
2022-01-29/15:03:37,22.48,992.6,1083.0,65.0824,40.0
2022-01-29/15:03:38,22.48,992.6,1083.0,62.7981,39.16667
2022-01-29/15:03:39,22.48,992.6,1083.0,65.95947,39.16667
2022-01-29/15:03:40,22.48,992.6,1083.0,64.97314,39.16667
2022-01-29/15:03:41,22.48,992.6,1083.0,66.66603,39.16667
2022-01-29/15:03:42,22.48,992.6,1083.0,71.83159,39.16667
2022-01-29/15:03:43,22.48,992.6,1083.0,66.0084,41.66667
2022-01-29/15:03:44,22.48,992.6,1083.0,66.66603,41.66667
2022-01-29/15:03:45,22.48,992.6,1083.0,66.20142,41.66667
2022-01-29/15:03:46,22.48,992.6,1083.0,65.55773,42.5
2022-01-29/15:03:47,22.48,992.6,1083.0,69.02802,42.5
2022-01-29/15:03:48,22.53,992.6,1086.0,67.40293,42.5
2022-01-29/15:03:49,22.53,992.6,1086.0,61.58767,43.33333
2022-01-29/15:03:50,22.53,992.6,1086.0,64.97314,43.33333
2022-01-29/15:03:51,22.53,992.6,1086.0,66.57507,43.33333
2022-01-29/15:03:52,22.53,992.6,1086.0,62.58363,43.33333
2022-01-29/15:03:53,22.53,992.6,1086.0,67.52672,30.83333
2022-01-29/15:03:54,22.53,992.6,1086.0,64.22736,31.66667
2022-01-29/15:03:55,22.53,992.6,1086.0,67.19261,34.16667
2022-01-29/15:03:56,22.53,992.6,1086.0,65.24375,26.66667
2022-01-29/15:03:57,22.53,992.6,1086.0,64.86249,40.0
2022-01-29/15:03:59,22.53,992.6,1086.0,67.92706,40.83333
2022-01-29/15:04:00,22.53,992.6,1086.0,66.05706,40.83333
2022-01-29/15:04:01,22.53,992.6,1086.0,69.94316,40.83333
2022-01-29/15:04:02,22.53,992.6,1086.0,68.19672,40.83333
2022-01-29/15:04:03,22.53,992.6,1086.0,63.41148,40.83333
2022-01-29/15:04:04,22.58,992.7,1092.0,61.98436,40.83333
2022-01-29/15:04:05,22.58,992.7,1092.0,60.27576,41.66667
2022-01-29/15:04:06,22.58,992.7,1092.0,66.15357,41.66667
2022-01-29/15:04:07,22.58,992.7,1092.0,66.24902,40.83333
2022-01-29/15:04:08,22.58,992.7,1092.0,67.06392,40.83333
2022-01-29/15:04:09,22.58,992.7,1092.0,66.66603,40.83333
2022-01-29/15:04:10,22.58,992.7,1092.0,65.29687,40.83333
2022-01-29/15:04:11,22.58,992.7,1092.0,67.19261,40.83333
2022-01-29/15:04:12,22.58,992.7,1092.0,66.34343,40.83333
2022-01-29/15:04:13,22.58,992.7,1092.0,65.55773,39.16667
2022-01-29/15:04:14,22.58,992.7,1092.0,64.57954,39.16667
2022-01-29/15:04:15,22.58,992.7,1092.0,64.918,40.0
2022-01-29/15:04:16,22.58,992.7,1092.0,67.06392,40.0
2022-01-29/15:04:17,22.58,992.7,1092.0,66.10545,40.0
2022-01-29/15:04:18,22.58,992.7,1092.0,66.48315,40.0
2022-01-29/15:04:19,22.64,992.7,1094.0,21.0,40.0
2022-01-29/15:04:20,22.64,992.7,1094.0,66.48315,40.0
2022-01-29/15:04:21,22.64,992.7,1094.0,67.36127,40.0
2022-01-29/15:04:22,22.64,992.7,1094.0,67.14992,40.0
2022-01-29/15:04:23,22.64,992.7,1094.0,65.91026,40.83333
2022-01-29/15:04:24,22.64,992.7,1094.0,65.24375,40.83333
2022-01-29/15:04:25,22.64,992.7,1094.0,66.48315,40.83333
2022-01-29/15:04:26,22.64,992.7,1094.0,66.84513,40.83333
2022-01-29/15:04:27,22.64,992.7,1094.0,66.57507,41.66667
2022-01-29/15:04:28,22.64,992.7,1094.0,64.57954,41.66667
2022-01-29/15:04:29,22.64,992.7,1094.0,65.34968,41.66667
2022-01-29/15:04:30,22.64,992.7,1094.0,67.23508,41.66667
2022-01-29/15:04:31,22.64,992.7,1094.0,66.43683,41.66667
2022-01-29/15:04:32,22.64,992.7,1094.0,67.19261,40.83333
2022-01-29/15:04:33,22.68,992.7,1098.0,64.28706,41.66667
2022-01-29/15:04:34,22.68,992.7,1098.0,78.44313,41.66667
2022-01-29/15:04:35,22.68,992.7,1098.0,67.5676,41.66667
2022-01-29/15:04:36,22.68,992.7,1098.0,66.15357,29.16667
2022-01-29/15:04:37,22.68,992.7,1098.0,65.13652,32.5
2022-01-29/15:04:38,22.68,992.7,1098.0,66.62067,34.16667
2022-01-29/15:04:39,22.68,992.7,1098.0,65.95947,34.16667
2022-01-29/15:04:40,22.68,992.7,1098.0,67.84845,36.66667
2022-01-29/15:04:41,22.68,992.7,1098.0,67.5676,41.66667
2022-01-29/15:04:42,22.68,992.7,1098.0,65.50619,41.66667
2022-01-29/15:04:43,22.68,992.7,1098.0,66.24902,41.66667
2022-01-29/15:04:44,22.68,992.7,1098.0,67.68907,41.66667
2022-01-29/15:04:45,22.68,992.7,1098.0,61.90646,41.66667
2022-01-29/15:04:46,22.68,992.7,1098.0,67.80889,41.66667
2022-01-29/15:04:47,22.68,992.7,1098.0,68.19672,42.5
2022-01-29/15:04:49,22.73,992.7,1098.0,65.81099,42.5
2022-01-29/15:04:50,22.73,992.7,1098.0,54.25516,42.5
2022-01-29/15:04:51,22.73,992.7,1098.0,64.86249,42.5
2022-01-29/15:04:52,22.73,992.7,1098.0,66.39026,42.5
2022-01-29/15:04:53,22.73,992.7,1098.0,61.50611,42.5
2022-01-29/15:04:54,22.73,992.7,1098.0,62.28916,42.5
2022-01-29/15:04:55,22.73,992.7,1098.0,66.29636,41.66667
2022-01-29/15:04:56,22.73,992.7,1098.0,67.36127,41.66667
2022-01-29/15:04:57,22.73,992.7,1098.0,66.29636,41.66667
2022-01-29/15:04:58,22.73,992.7,1098.0,65.91026,41.66667
2022-01-29/15:04:59,22.73,992.7,1098.0,65.95947,42.5
2022-01-29/15:05:00,22.73,992.7,1098.0,67.5676,42.5
2022-01-29/15:05:01,22.73,992.7,1098.0,66.9333,40.83333
2022-01-29/15:05:02,22.73,992.7,1098.0,64.28706,40.83333
2022-01-29/15:05:03,22.73,992.7,1098.0,63.07607,40.83333
2022-01-29/15:05:04,22.76,992.7999,1095.0,54.44196,40.83333
2022-01-29/15:05:05,22.76,992.7999,1095.0,65.29687,41.66667
2022-01-29/15:05:06,22.76,992.7999,1095.0,65.86076,40.83333
2022-01-29/15:05:07,22.76,992.7999,1095.0,65.02794,41.66667
2022-01-29/15:05:08,22.76,992.7999,1095.0,63.67078,43.33333
2022-01-29/15:05:09,22.76,992.7999,1095.0,69.33281,43.33333
2022-01-29/15:05:10,22.76,992.7999,1095.0,67.40293,43.33333
2022-01-29/15:05:11,22.76,992.7999,1095.0,66.80069,44.16667
2022-01-29/15:05:12,22.76,992.7999,1095.0,65.02794,44.16667
2022-01-29/15:05:13,22.76,992.7999,1095.0,64.52182,44.16667
2022-01-29/15:05:14,22.76,992.7999,1095.0,67.10702,44.16667
2022-01-29/15:05:15,22.76,992.7999,1095.0,66.29636,43.33333
2022-01-29/15:05:16,22.76,992.7999,1095.0,66.29636,43.33333
2022-01-29/15:05:17,22.76,992.7999,1095.0,66.24902,43.33333
2022-01-29/15:05:18,22.79,992.7,1104.0,68.00496,43.33333
2022-01-29/15:05:19,22.79,992.7,1104.0,81.19752,44.16667
2022-01-29/15:05:20,22.79,992.7,1104.0,65.95947,45.0
2022-01-29/15:05:21,22.79,992.7,1104.0,64.69383,45.0
2022-01-29/15:05:22,22.79,992.7,1104.0,67.84845,45.0
2022-01-29/15:05:23,22.79,992.7,1104.0,67.52672,45.0
2022-01-29/15:05:24,22.79,992.7,1104.0,65.1903,45.0
2022-01-29/15:05:25,22.79,992.7,1104.0,62.58363,45.0
2022-01-29/15:05:26,22.79,992.7,1104.0,68.45824,45.0
2022-01-29/15:05:27,22.79,992.7,1104.0,65.45433,44.16667
2022-01-29/15:05:28,22.79,992.7,1104.0,65.0824,44.16667
2022-01-29/15:05:29,22.79,992.7,1104.0,65.91026,41.66667
2022-01-29/15:05:31,22.79,992.7,1104.0,66.10545,42.5
2022-01-29/15:05:32,22.79,992.7,1104.0,66.9333,42.5
2022-01-29/15:05:33,22.79,992.7,1104.0,66.0084,42.5
2022-01-29/15:05:34,22.82,992.7,1103.0,62.13809,43.33333
2022-01-29/15:05:35,22.82,992.7,1103.0,60.08485,44.16667
2022-01-29/15:05:36,22.82,992.7,1103.0,65.24375,44.16667
2022-01-29/15:05:37,22.82,992.7,1103.0,65.81099,44.16667
2022-01-29/15:05:38,22.82,992.7,1103.0,66.62067,34.16667
2022-01-29/15:05:39,22.82,992.7,1103.0,65.60898,36.66667
2022-01-29/15:05:40,22.82,992.7,1103.0,64.28706,41.66667
2022-01-29/15:05:41,22.82,992.7,1103.0,67.06392,41.66667
2022-01-29/15:05:42,22.82,992.7,1103.0,67.88785,41.66667
2022-01-29/15:05:43,22.82,992.7,1103.0,64.46373,41.66667
2022-01-29/15:05:44,22.82,992.7,1103.0,67.0206,41.66667
2022-01-29/15:05:45,22.82,992.7,1103.0,63.27887,41.66667
2022-01-29/15:05:46,22.82,992.7,1103.0,64.86249,41.66667
2022-01-29/15:05:47,22.82,992.7,1103.0,60.9127,41.66667
2022-01-29/15:05:48,22.82,992.7,1103.0,67.80889,45.83333
2022-01-29/15:05:49,22.87,992.6,1107.0,21.0,46.66667
2022-01-29/15:05:50,22.87,992.6,1107.0,63.98438,45.83333
2022-01-29/15:05:51,22.87,992.6,1107.0,64.40523,46.66667
2022-01-29/15:05:52,22.87,992.6,1107.0,66.48315,46.66667
2022-01-29/15:05:53,22.87,992.6,1107.0,64.28706,44.16667
2022-01-29/15:05:54,22.87,992.6,1107.0,65.71057,44.16667
2022-01-29/15:05:55,22.87,992.6,1107.0,66.84513,44.16667
2022-01-29/15:05:56,22.87,992.6,1107.0,66.9333,44.16667
2022-01-29/15:05:57,22.87,992.6,1107.0,65.91026,44.16667
2022-01-29/15:05:58,22.87,992.6,1107.0,66.10545,44.16667
2022-01-29/15:05:59,22.87,992.6,1107.0,64.57954,44.16667
2022-01-29/15:06:00,22.87,992.6,1107.0,65.91026,44.16667
2022-01-29/15:06:01,22.87,992.6,1107.0,66.0084,44.16667
2022-01-29/15:06:02,22.87,992.6,1107.0,64.97314,44.16667
2022-01-29/15:06:03,22.9,992.7,1107.0,63.92256,45.0
2022-01-29/15:06:04,22.9,992.7,1107.0,73.70967,47.5
2022-01-29/15:06:05,22.9,992.7,1107.0,65.91026,46.66667
2022-01-29/15:06:06,22.9,992.7,1107.0,65.60898,46.66667
2022-01-29/15:06:07,22.9,992.7,1107.0,66.20142,38.33333
2022-01-29/15:06:08,22.9,992.7,1107.0,67.52672,36.66667
2022-01-29/15:06:09,22.9,992.7,1107.0,66.62067,39.16667
2022-01-29/15:06:10,22.9,992.7,1107.0,66.84513,44.16667
2022-01-29/15:06:11,22.9,992.7,1107.0,66.24902,45.0
2022-01-29/15:06:12,22.9,992.7,1107.0,61.74853,45.0
2022-01-29/15:06:13,22.9,992.7,1107.0,65.71057,45.0
2022-01-29/15:06:15,22.9,992.7,1107.0,65.81099,45.0
2022-01-29/15:06:16,22.9,992.7,1107.0,65.02794,45.0
2022-01-29/15:06:17,22.9,992.7,1107.0,65.50619,42.5
2022-01-29/15:06:18,22.9,992.7,1107.0,67.48565,43.33333
2022-01-29/15:06:19,22.92,992.7,1109.0,63.54209,43.33333
2022-01-29/15:06:20,22.92,992.7,1109.0,59.48559,43.33333
2022-01-29/15:06:21,22.92,992.7,1109.0,65.50619,44.16667
2022-01-29/15:06:22,22.92,992.7,1109.0,66.88933,44.16667
2022-01-29/15:06:23,22.92,992.7,1109.0,66.34343,44.16667
2022-01-29/15:06:24,22.92,992.7,1109.0,67.19261,44.16667
2022-01-29/15:06:25,22.92,992.7,1109.0,65.86076,44.16667
2022-01-29/15:06:26,22.92,992.7,1109.0,67.84845,45.0
2022-01-29/15:06:27,22.92,992.7,1109.0,66.43683,45.0
2022-01-29/15:06:28,22.92,992.7,1109.0,66.24902,45.0
2022-01-29/15:06:29,22.92,992.7,1109.0,64.40523,45.0
2022-01-29/15:06:30,22.92,992.7,1109.0,69.53023,45.0
2022-01-29/15:06:31,22.92,992.7,1109.0,64.57954,44.16667
2022-01-29/15:06:32,22.92,992.7,1109.0,66.05706,43.33333
2022-01-29/15:06:33,22.92,992.7,1109.0,66.29636,43.33333
2022-01-29/15:06:34,22.93,992.7,1109.0,61.74853,43.33333
2022-01-29/15:06:35,22.93,992.7,1109.0,64.16725,43.33333
2022-01-29/15:06:36,22.93,992.7,1109.0,65.55773,45.0
2022-01-29/15:06:37,22.93,992.7,1109.0,65.29687,45.0
2022-01-29/15:06:38,22.93,992.7,1109.0,67.31941,45.0
2022-01-29/15:06:39,22.93,992.7,1109.0,66.34343,45.0
2022-01-29/15:06:40,22.93,992.7,1109.0,67.19261,43.33333
2022-01-29/15:06:41,22.93,992.7,1109.0,66.84513,43.33333
2022-01-29/15:06:42,22.93,992.7,1109.0,68.23456,43.33333
2022-01-29/15:06:43,22.93,992.7,1109.0,67.52672,43.33333
2022-01-29/15:06:44,22.93,992.7,1109.0,66.75603,43.33333
2022-01-29/15:06:45,22.93,992.7,1109.0,65.71057,43.33333
2022-01-29/15:06:46,22.93,992.7,1109.0,69.09668,45.83333
2022-01-29/15:06:47,22.93,992.7,1109.0,65.29687,45.83333
2022-01-29/15:06:48,22.97,992.7,1103.0,65.29687,45.83333
2022-01-29/15:06:49,22.97,992.7,1103.0,42.58363,45.0
2022-01-29/15:06:50,22.97,992.7,1103.0,68.1587,45.0
2022-01-29/15:06:51,22.97,992.7,1103.0,65.71057,45.0
2022-01-29/15:06:52,22.97,992.7,1103.0,64.40523,44.16667
2022-01-29/15:06:53,22.97,992.7,1103.0,66.48315,45.0
2022-01-29/15:06:54,22.97,992.7,1103.0,66.34343,44.16667
2022-01-29/15:06:56,22.97,992.7,1103.0,67.06392,44.16667
2022-01-29/15:06:57,22.97,992.7,1103.0,66.43683,44.16667
2022-01-29/15:06:58,22.97,992.7,1103.0,65.55773,44.16667
2022-01-29/15:06:59,22.97,992.7,1103.0,66.84513,43.33333
2022-01-29/15:07:00,22.97,992.7,1103.0,65.71057,43.33333
2022-01-29/15:07:01,22.97,992.7,1103.0,68.45824,28.33333
2022-01-29/15:07:02,22.97,992.7,1103.0,66.57507,32.5
2022-01-29/15:07:03,22.97,992.7,1103.0,66.80069,33.33333
2022-01-29/15:07:04,22.99,992.7,1104.0,67.84845,34.16667
2022-01-29/15:07:05,22.99,992.7,1104.0,64.63687,34.16667
2022-01-29/15:07:06,22.99,992.7,1104.0,66.10545,40.0
2022-01-29/15:07:07,22.99,992.7,1104.0,66.84513,40.0
2022-01-29/15:07:08,22.99,992.7,1104.0,68.1587,40.0
2022-01-29/15:07:09,22.99,992.7,1104.0,67.10702,40.0
2022-01-29/15:07:10,22.99,992.7,1104.0,65.86076,40.0
2022-01-29/15:07:11,22.99,992.7,1104.0,65.24375,40.0
2022-01-29/15:07:12,22.99,992.7,1104.0,65.55773,40.0
2022-01-29/15:07:13,22.99,992.7,1104.0,66.9333,40.0
2022-01-29/15:07:14,22.99,992.7,1104.0,64.86249,40.0
2022-01-29/15:07:15,22.99,992.7,1104.0,65.81099,42.5
2022-01-29/15:07:16,22.99,992.7,1104.0,64.16725,42.5
2022-01-29/15:07:17,22.99,992.7,1104.0,66.66603,42.5
2022-01-29/15:07:18,22.99,992.7,1104.0,65.95947,42.5
2022-01-29/15:07:19,23.01,992.6,1101.0,69.36603,42.5
2022-01-29/15:07:20,23.01,992.6,1101.0,65.1903,43.33333
2022-01-29/15:07:21,23.01,992.6,1101.0,67.44439,43.33333
2022-01-29/15:07:22,23.01,992.6,1101.0,66.9333,43.33333
2022-01-29/15:07:23,23.01,992.6,1101.0,66.10545,43.33333
2022-01-29/15:07:24,23.01,992.6,1101.0,63.92256,43.33333
2022-01-29/15:07:25,23.01,992.6,1101.0,67.14992,40.83333
2022-01-29/15:07:26,23.01,992.6,1101.0,66.15357,40.0
2022-01-29/15:07:27,23.01,992.6,1101.0,64.75041,40.0
2022-01-29/15:07:28,23.01,992.6,1101.0,65.55773,42.5
2022-01-29/15:07:29,23.01,992.6,1101.0,63.41148,42.5
2022-01-29/15:07:30,23.01,992.6,1101.0,66.88933,42.5
2022-01-29/15:07:31,23.01,992.6,1101.0,65.0824,42.5
2022-01-29/15:07:32,23.01,992.6,1101.0,67.40293,42.5
2022-01-29/15:07:33,23.04,992.7,1100.0,65.24375,42.5
2022-01-29/15:07:34,23.04,992.7,1100.0,21.0,42.5
2022-01-29/15:07:35,23.04,992.7,1100.0,67.19261,42.5
2022-01-29/15:07:36,23.04,992.7,1100.0,66.29636,42.5
2022-01-29/15:07:37,23.04,992.7,1100.0,65.65992,42.5
2022-01-29/15:07:38,23.04,992.7,1100.0,67.14992,42.5
2022-01-29/15:07:39,23.04,992.7,1100.0,67.19261,42.5
2022-01-29/15:07:41,23.04,992.7,1100.0,65.45433,41.66667
2022-01-29/15:07:42,23.04,992.7,1100.0,64.69383,38.33333
2022-01-29/15:07:43,23.04,992.7,1100.0,61.25675,38.33333
2022-01-29/15:07:44,23.04,992.7,1100.0,68.30976,38.33333
2022-01-29/15:07:45,23.04,992.7,1100.0,65.91026,38.33333
2022-01-29/15:07:46,23.04,992.7,1100.0,64.46373,40.83333
2022-01-29/15:07:47,23.04,992.7,1100.0,66.80069,40.83333
2022-01-29/15:07:48,23.04,992.7,1100.0,66.10545,40.83333
2022-01-29/15:07:49,23.06,992.5,1103.0,67.23508,39.16667
2022-01-29/15:07:50,23.06,992.5,1103.0,62.7272,36.66667
2022-01-29/15:07:51,23.06,992.5,1103.0,66.24902,31.66667
2022-01-29/15:07:52,23.06,992.5,1103.0,67.52672,30.83333
2022-01-29/15:07:53,23.06,992.5,1103.0,66.24902,31.66667
2022-01-29/15:07:54,23.06,992.5,1103.0,66.29636,32.5
2022-01-29/15:07:55,23.06,992.5,1103.0,63.98438,32.5
2022-01-29/15:07:56,23.06,992.5,1103.0,66.88933,37.5
2022-01-29/15:07:57,23.06,992.5,1103.0,68.7478,36.66667
2022-01-29/15:07:58,23.06,992.5,1103.0,66.71114,36.66667
2022-01-29/15:07:59,23.06,992.5,1103.0,62.9382,36.66667
2022-01-29/15:08:00,23.06,992.5,1103.0,66.24902,35.83333
2022-01-29/15:08:01,23.06,992.5,1103.0,67.84845,35.0
2022-01-29/15:08:02,23.06,992.5,1103.0,66.48315,35.0
2022-01-29/15:08:03,23.06,992.5,1103.0,65.50619,35.0
2022-01-29/15:08:04,23.08,992.6,1101.0,70.71443,35.0
2022-01-29/15:08:05,23.08,992.6,1101.0,66.48315,35.83333
2022-01-29/15:08:06,23.08,992.6,1101.0,65.02794,36.66667
2022-01-29/15:08:07,23.08,992.6,1101.0,65.50619,35.83333
2022-01-29/15:08:08,23.08,992.6,1101.0,64.80663,35.83333
2022-01-29/15:08:09,23.08,992.6,1101.0,65.91026,36.66667
2022-01-29/15:08:10,23.08,992.6,1101.0,66.20142,36.66667
2022-01-29/15:08:11,23.08,992.6,1101.0,67.10702,35.83333
2022-01-29/15:08:12,23.08,992.6,1101.0,65.0824,35.83333
2022-01-29/15:08:13,23.08,992.6,1101.0,65.34968,35.0
2022-01-29/15:08:14,23.08,992.6,1101.0,67.23508,35.83333
2022-01-29/15:08:15,23.08,992.6,1101.0,64.80663,35.83333
2022-01-29/15:08:16,23.08,992.6,1101.0,66.88933,35.83333
2022-01-29/15:08:17,23.08,992.6,1101.0,65.65992,35.83333
2022-01-29/15:08:18,23.1,992.6,1101.0,68.78333,36.66667
2022-01-29/15:08:19,23.1,992.6,1101.0,21.0,36.66667
2022-01-29/15:08:20,23.1,992.6,1101.0,64.46373,39.16667
2022-01-29/15:08:21,23.1,992.6,1101.0,61.74853,35.83333
2022-01-29/15:08:22,23.1,992.6,1101.0,69.06241,35.83333
2022-01-29/15:08:24,23.1,992.6,1101.0,65.81099,35.83333
2022-01-29/15:08:25,23.1,992.6,1101.0,64.34635,35.83333
2022-01-29/15:08:26,23.1,992.6,1101.0,64.63687,36.66667
2022-01-29/15:08:27,23.1,992.6,1101.0,66.9333,36.66667
2022-01-29/15:08:28,23.1,992.6,1101.0,64.63687,36.66667
2022-01-29/15:08:29,23.1,992.6,1101.0,66.66603,38.33333
2022-01-29/15:08:30,23.1,992.6,1101.0,64.97314,38.33333
2022-01-29/15:08:31,23.1,992.6,1101.0,67.5676,38.33333
2022-01-29/15:08:32,23.1,992.6,1101.0,66.20142,38.33333
2022-01-29/15:08:33,23.1,992.6,1101.0,64.63687,37.5
2022-01-29/15:08:34,23.13,992.6,1098.0,66.15357,38.33333
2022-01-29/15:08:35,23.13,992.6,1098.0,64.69383,38.33333
2022-01-29/15:08:36,23.13,992.6,1098.0,67.7292,38.33333
2022-01-29/15:08:37,23.13,992.6,1098.0,66.29636,38.33333
2022-01-29/15:08:38,23.13,992.6,1098.0,62.86844,39.16667
2022-01-29/15:08:39,23.13,992.6,1098.0,66.97707,36.66667
2022-01-29/15:08:40,23.13,992.6,1098.0,65.0824,36.66667
2022-01-29/15:08:41,23.13,992.6,1098.0,66.84513,36.66667
2022-01-29/15:08:42,23.13,992.6,1098.0,66.29636,38.33333
2022-01-29/15:08:43,23.13,992.6,1098.0,66.15357,39.16667
2022-01-29/15:08:44,23.13,992.6,1098.0,65.95947,37.5
2022-01-29/15:08:45,23.13,992.6,1098.0,65.95947,36.66667
2022-01-29/15:08:46,23.13,992.6,1098.0,66.39026,40.83333
2022-01-29/15:08:47,23.13,992.6,1098.0,67.19261,30.83333
2022-01-29/15:08:48,23.13,992.6,1098.0,64.80663,23.33333
2022-01-29/15:08:49,23.16,992.6,1103.0,73.319,20.83333
2022-01-29/15:08:50,23.16,992.6,1103.0,66.57507,20.83333
2022-01-29/15:08:51,23.16,992.6,1103.0,67.64877,21.66667
2022-01-29/15:08:52,23.16,992.6,1103.0,64.22736,25.0
2022-01-29/15:08:53,23.16,992.6,1103.0,68.04365,40.83333
2022-01-29/15:08:54,23.16,992.6,1103.0,65.34968,40.0
2022-01-29/15:08:55,23.16,992.6,1103.0,70.0969,40.83333
2022-01-29/15:08:56,23.16,992.6,1103.0,70.36695,40.0
2022-01-29/15:08:57,23.16,992.6,1103.0,66.29636,40.0
2022-01-29/15:08:58,23.16,992.6,1103.0,65.13652,42.5
2022-01-29/15:08:59,23.16,992.6,1103.0,63.92256,42.5
2022-01-29/15:09:00,23.16,992.6,1103.0,64.52182,42.5
2022-01-29/15:09:01,23.16,992.6,1103.0,67.52672,42.5
2022-01-29/15:09:02,23.16,992.6,1103.0,65.1903,42.5
2022-01-29/15:09:03,23.17,992.6,1112.0,64.97314,42.5
2022-01-29/15:09:04,23.17,992.6,1112.0,21.0,42.5
2022-01-29/15:09:05,23.17,992.6,1112.0,66.71114,43.33333
2022-01-29/15:09:06,23.17,992.6,1112.0,65.91026,42.5
2022-01-29/15:09:08,23.17,992.6,1112.0,66.52924,42.5
2022-01-29/15:09:09,23.17,992.6,1112.0,65.45433,42.5
2022-01-29/15:09:10,23.17,992.6,1112.0,66.43683,43.33333
2022-01-29/15:09:11,23.17,992.6,1112.0,61.98436,44.16667
2022-01-29/15:09:12,23.17,992.6,1112.0,65.65992,44.16667
2022-01-29/15:09:13,23.17,992.6,1112.0,65.40216,44.16667
2022-01-29/15:09:14,23.17,992.6,1112.0,66.10545,44.16667
2022-01-29/15:09:15,23.17,992.6,1112.0,65.71057,44.16667
2022-01-29/15:09:16,23.17,992.6,1112.0,65.45433,39.16667
2022-01-29/15:09:17,23.17,992.6,1112.0,64.22736,40.0
2022-01-29/15:09:18,23.17,992.6,1112.0,68.00496,40.0
2022-01-29/15:09:19,23.21,992.7,1115.0,67.0206,40.0
2022-01-29/15:09:20,23.21,992.7,1115.0,66.43683,40.0
2022-01-29/15:09:21,23.21,992.7,1115.0,65.13652,40.83333
2022-01-29/15:09:22,23.21,992.7,1115.0,67.19261,40.83333
2022-01-29/15:09:23,23.21,992.7,1115.0,65.71057,40.83333
2022-01-29/15:09:24,23.21,992.7,1115.0,66.15357,40.83333
2022-01-29/15:09:25,23.21,992.7,1115.0,66.48315,40.83333
2022-01-29/15:09:26,23.21,992.7,1115.0,66.0084,40.83333
2022-01-29/15:09:27,23.21,992.7,1115.0,67.19261,40.83333
2022-01-29/15:09:28,23.21,992.7,1115.0,66.15357,40.83333
2022-01-29/15:09:29,23.21,992.7,1115.0,64.918,40.83333
2022-01-29/15:09:30,23.21,992.7,1115.0,63.60668,40.0
2022-01-29/15:09:31,23.21,992.7,1115.0,66.84513,40.0
2022-01-29/15:09:32,23.21,992.7,1115.0,67.0206,40.0
2022-01-29/15:09:33,23.21,992.7,1115.0,66.34343,40.0
2022-01-29/15:09:34,23.23,992.7,1115.0,72.799,40.0
2022-01-29/15:09:35,23.23,992.7,1115.0,65.0824,40.0
2022-01-29/15:09:36,23.23,992.7,1115.0,67.60828,40.0
2022-01-29/15:09:37,23.23,992.7,1115.0,65.55773,42.5
2022-01-29/15:09:38,23.23,992.7,1115.0,65.45433,42.5
2022-01-29/15:09:39,23.23,992.7,1115.0,65.91026,42.5
2022-01-29/15:09:40,23.23,992.7,1115.0,66.48315,42.5
2022-01-29/15:09:41,23.23,992.7,1115.0,65.86076,42.5
2022-01-29/15:09:42,23.23,992.7,1115.0,67.23508,42.5
2022-01-29/15:09:43,23.23,992.7,1115.0,64.80663,41.66667
2022-01-29/15:09:44,23.23,992.7,1115.0,64.57954,42.5
2022-01-29/15:09:45,23.23,992.7,1115.0,65.02794,40.0
2022-01-29/15:09:46,23.23,992.7,1115.0,66.48315,40.0
2022-01-29/15:09:47,23.23,992.7,1115.0,65.71057,40.0
2022-01-29/15:09:48,23.24,992.6,1130.0,65.76093,40.0
2022-01-29/15:09:49,23.24,992.6,1130.0,21.0,39.16667
2022-01-29/15:09:50,23.24,992.6,1130.0,65.95947,39.16667
2022-01-29/15:09:52,23.24,992.6,1130.0,67.36127,39.16667
2022-01-29/15:09:53,23.24,992.6,1130.0,67.68907,39.16667
2022-01-29/15:09:54,23.24,992.6,1130.0,63.60668,40.0
2022-01-29/15:09:55,23.24,992.6,1130.0,69.23239,39.16667
2022-01-29/15:09:56,23.24,992.6,1130.0,66.05706,40.0
2022-01-29/15:09:57,23.24,992.6,1130.0,66.15357,39.16667
2022-01-29/15:09:58,23.24,992.6,1130.0,67.36127,39.16667
2022-01-29/15:09:59,23.24,992.6,1130.0,67.64877,39.16667
2022-01-29/15:10:00,23.24,992.6,1130.0,66.10545,40.0
2022-01-29/15:10:01,23.24,992.6,1130.0,64.80663,42.5
2022-01-29/15:10:02,23.24,992.6,1130.0,66.57507,42.5
2022-01-29/15:10:03,23.24,992.6,1130.0,66.84513,23.33333
2022-01-29/15:10:04,23.26,992.6,1136.0,66.48315,19.16667
2022-01-29/15:10:05,23.26,992.6,1136.0,64.97314,22.5
2022-01-29/15:10:06,23.26,992.6,1136.0,67.44439,22.5
2022-01-29/15:10:07,23.26,992.6,1136.0,66.48315,42.5
2022-01-29/15:10:08,23.26,992.6,1136.0,63.73441,41.66667
2022-01-29/15:10:09,23.26,992.6,1136.0,64.80663,42.5
2022-01-29/15:10:10,23.26,992.6,1136.0,67.10702,41.66667
2022-01-29/15:10:11,23.26,992.6,1136.0,64.22736,41.66667
2022-01-29/15:10:12,23.26,992.6,1136.0,65.0824,42.5
2022-01-29/15:10:13,23.26,992.6,1136.0,64.34635,42.5
2022-01-29/15:10:14,23.26,992.6,1136.0,67.36127,42.5
2022-01-29/15:10:15,23.26,992.6,1136.0,67.68907,42.5
2022-01-29/15:10:16,23.26,992.6,1136.0,66.0084,42.5
2022-01-29/15:10:17,23.26,992.6,1136.0,65.65992,43.33333
2022-01-29/15:10:18,23.28,992.6,1132.0,66.43683,43.33333
2022-01-29/15:10:19,23.28,992.6,1132.0,81.19752,43.33333
2022-01-29/15:10:20,23.28,992.6,1132.0,65.71057,43.33333
2022-01-29/15:10:21,23.28,992.6,1132.0,65.71057,43.33333
2022-01-29/15:10:22,23.28,992.6,1132.0,66.43683,42.5
2022-01-29/15:10:23,23.28,992.6,1132.0,66.57507,42.5
2022-01-29/15:10:24,23.28,992.6,1132.0,67.60828,44.16667
2022-01-29/15:10:25,23.28,992.6,1132.0,64.16725,43.33333
2022-01-29/15:10:26,23.28,992.6,1132.0,66.71114,43.33333
2022-01-29/15:10:27,23.28,992.6,1132.0,66.48315,44.16667
2022-01-29/15:10:28,23.28,992.6,1132.0,66.05706,44.16667
2022-01-29/15:10:29,23.28,992.6,1132.0,66.0084,44.16667
2022-01-29/15:10:30,23.28,992.6,1132.0,66.9333,45.0
2022-01-29/15:10:31,23.28,992.6,1132.0,67.36127,45.0
2022-01-29/15:10:33,23.28,992.6,1132.0,66.15357,45.0
2022-01-29/15:10:34,23.3,992.6,1128.0,63.47703,45.0
2022-01-29/15:10:35,23.3,992.6,1128.0,55.80725,45.0
2022-01-29/15:10:36,23.3,992.6,1128.0,66.71114,45.83333
2022-01-29/15:10:37,23.3,992.6,1128.0,65.55773,44.16667
2022-01-29/15:10:38,23.3,992.6,1128.0,67.52672,44.16667
2022-01-29/15:10:39,23.3,992.6,1128.0,67.31941,44.16667
2022-01-29/15:10:40,23.3,992.6,1128.0,66.9333,45.0
2022-01-29/15:10:41,23.3,992.6,1128.0,64.46373,43.33333
2022-01-29/15:10:42,23.3,992.6,1128.0,65.24375,44.16667
2022-01-29/15:10:43,23.3,992.6,1128.0,66.48315,44.16667
2022-01-29/15:10:44,23.3,992.6,1128.0,66.9333,45.83333
2022-01-29/15:10:45,23.3,992.6,1128.0,61.34067,20.0
2022-01-29/15:10:46,23.3,992.6,1128.0,68.00496,19.16667
2022-01-29/15:10:47,23.3,992.6,1128.0,65.0824,20.0
2022-01-29/15:10:48,23.3,992.6,1128.0,66.62067,21.66667
2022-01-29/15:10:49,23.32,992.6,1134.0,21.0,46.66667
2022-01-29/15:10:50,23.32,992.6,1134.0,70.21796,46.66667
2022-01-29/15:10:51,23.32,992.6,1134.0,65.50619,46.66667
2022-01-29/15:10:52,23.32,992.6,1134.0,65.13652,46.66667
2022-01-29/15:10:53,23.32,992.6,1134.0,66.52924,50.0
2022-01-29/15:10:54,23.32,992.6,1134.0,68.34712,50.0
2022-01-29/15:10:55,23.32,992.6,1134.0,63.92256,50.0
2022-01-29/15:10:56,23.32,992.6,1134.0,67.31941,50.0
2022-01-29/15:10:57,23.32,992.6,1134.0,65.1903,50.0
2022-01-29/15:10:58,23.32,992.6,1134.0,65.95947,50.0
2022-01-29/15:10:59,23.32,992.6,1134.0,66.52924,50.0
2022-01-29/15:11:00,23.32,992.6,1134.0,64.86249,47.5
2022-01-29/15:11:01,23.32,992.6,1134.0,67.19261,46.66667
2022-01-29/15:11:02,23.32,992.6,1134.0,64.86249,47.5
2022-01-29/15:11:03,23.32,992.6,1142.0,67.31941,46.66667
2022-01-29/15:11:04,23.32,992.6,1142.0,64.28706,49.16667
2022-01-29/15:11:05,23.32,992.6,1142.0,66.57507,49.16667
2022-01-29/15:11:06,23.32,992.6,1142.0,65.81099,48.33333
2022-01-29/15:11:07,23.32,992.6,1142.0,67.88785,48.33333
2022-01-29/15:11:08,23.32,992.6,1142.0,66.84513,47.5
2022-01-29/15:11:09,23.32,992.6,1142.0,65.02794,46.66667
2022-01-29/15:11:10,23.32,992.6,1142.0,67.31941,46.66667
2022-01-29/15:11:11,23.32,992.6,1142.0,67.52672,46.66667
2022-01-29/15:11:13,23.32,992.6,1142.0,64.40523,46.66667
2022-01-29/15:11:14,23.32,992.6,1142.0,64.22736,45.83333
2022-01-29/15:11:15,23.32,992.6,1142.0,66.39026,46.66667
2022-01-29/15:11:16,23.32,992.6,1142.0,67.60828,46.66667
2022-01-29/15:11:17,23.32,992.6,1142.0,66.20142,46.66667
2022-01-29/15:11:18,23.32,992.6,1142.0,65.81099,46.66667
2022-01-29/15:11:19,23.33,992.6,1147.0,66.88933,46.66667
2022-01-29/15:11:20,23.33,992.6,1147.0,61.90646,45.0
2022-01-29/15:11:21,23.33,992.6,1147.0,63.8603,44.16667
2022-01-29/15:11:22,23.33,992.6,1147.0,62.65571,46.66667
2022-01-29/15:11:23,23.33,992.6,1147.0,69.02802,46.66667
2022-01-29/15:11:24,23.33,992.6,1147.0,64.22736,45.83333
2022-01-29/15:11:25,23.33,992.6,1147.0,66.84513,45.83333
2022-01-29/15:11:26,23.33,992.6,1147.0,67.40293,45.83333
2022-01-29/15:11:27,23.33,992.6,1147.0,67.0206,45.0
2022-01-29/15:11:28,23.33,992.6,1147.0,68.19672,45.0
2022-01-29/15:11:29,23.33,992.6,1147.0,65.1903,41.66667
2022-01-29/15:11:30,23.33,992.6,1147.0,65.34968,41.66667
2022-01-29/15:11:31,23.33,992.6,1147.0,69.02802,40.83333
2022-01-29/15:11:32,23.33,992.6,1147.0,67.52672,40.83333
2022-01-29/15:11:33,23.33,992.6,1147.0,66.10545,40.83333
2022-01-29/15:11:34,23.33,992.5,1150.0,71.73117,40.83333
2022-01-29/15:11:35,23.33,992.5,1150.0,66.24902,40.0
2022-01-29/15:11:36,23.33,992.5,1150.0,65.29687,40.83333
2022-01-29/15:11:37,23.33,992.5,1150.0,66.20142,40.83333
2022-01-29/15:11:38,23.33,992.5,1150.0,65.71057,40.83333
2022-01-29/15:11:39,23.33,992.5,1150.0,68.71213,40.83333
2022-01-29/15:11:40,23.33,992.5,1150.0,66.80069,40.83333
2022-01-29/15:11:41,23.33,992.5,1150.0,66.34343,40.0
2022-01-29/15:11:42,23.33,992.5,1150.0,66.80069,40.0
2022-01-29/15:11:43,23.33,992.5,1150.0,65.29687,40.83333
2022-01-29/15:11:44,23.33,992.5,1150.0,67.52672,41.66667
2022-01-29/15:11:45,23.33,992.5,1150.0,61.74853,40.83333
2022-01-29/15:11:46,23.33,992.5,1150.0,64.16725,41.66667
2022-01-29/15:11:47,23.33,992.5,1150.0,64.34635,40.83333
2022-01-29/15:11:48,23.35,992.6,1153.0,68.19672,40.83333
2022-01-29/15:11:49,23.35,992.6,1153.0,21.0,40.83333
2022-01-29/15:11:50,23.35,992.6,1153.0,65.13652,40.83333
2022-01-29/15:11:51,23.35,992.6,1153.0,65.95947,40.83333
2022-01-29/15:11:52,23.35,992.6,1153.0,62.9382,40.83333
2022-01-29/15:11:53,23.35,992.6,1153.0,67.19261,40.83333
2022-01-29/15:11:54,23.35,992.6,1153.0,65.76093,40.83333
2022-01-29/15:11:55,23.35,992.6,1153.0,65.29687,40.83333
2022-01-29/15:11:56,23.35,992.6,1153.0,63.92256,40.83333
2022-01-29/15:11:58,23.35,992.6,1153.0,66.39026,40.83333
2022-01-29/15:11:59,23.35,992.6,1153.0,64.22736,20.83333
2022-01-29/15:12:00,23.35,992.6,1153.0,66.52924,23.33333
2022-01-29/15:12:01,23.35,992.6,1153.0,67.36127,22.5
2022-01-29/15:12:02,23.35,992.6,1153.0,66.24902,25.83333
2022-01-29/15:12:03,23.35,992.6,1153.0,65.24375,22.5
2022-01-29/15:12:04,23.35,992.5,1154.0,67.44439,26.66667
2022-01-29/15:12:05,23.35,992.5,1154.0,64.40523,18.33333
2022-01-29/15:12:06,23.35,992.5,1154.0,66.75603,38.33333
2022-01-29/15:12:07,23.35,992.5,1154.0,68.85394,38.33333
2022-01-29/15:12:08,23.35,992.5,1154.0,66.48315,38.33333
2022-01-29/15:12:09,23.35,992.5,1154.0,66.88933,38.33333
2022-01-29/15:12:10,23.35,992.5,1154.0,65.60898,38.33333
2022-01-29/15:12:11,23.35,992.5,1154.0,67.68907,38.33333
2022-01-29/15:12:12,23.35,992.5,1154.0,68.67631,37.5
2022-01-29/15:12:13,23.35,992.5,1154.0,67.06392,37.5
2022-01-29/15:12:14,23.35,992.5,1154.0,63.41148,37.5
2022-01-29/15:12:15,23.35,992.5,1154.0,67.06392,37.5
2022-01-29/15:12:16,23.35,992.5,1154.0,66.57507,38.33333
2022-01-29/15:12:17,23.35,992.5,1154.0,66.10545,37.5
2022-01-29/15:12:18,23.35,992.5,1154.0,64.40523,37.5
2022-01-29/15:12:19,23.35,992.5,1158.0,73.319,37.5
2022-01-29/15:12:20,23.35,992.5,1158.0,64.918,37.5
2022-01-29/15:12:21,23.35,992.5,1158.0,65.60898,38.33333
2022-01-29/15:12:22,23.35,992.5,1158.0,67.60828,37.5
2022-01-29/15:12:23,23.35,992.5,1158.0,65.71057,37.5
2022-01-29/15:12:24,23.35,992.5,1158.0,66.24902,37.5
2022-01-29/15:12:25,23.35,992.5,1158.0,68.78333,37.5
2022-01-29/15:12:26,23.35,992.5,1158.0,66.75603,36.66667
2022-01-29/15:12:27,23.35,992.5,1158.0,64.75041,36.66667
2022-01-29/15:12:28,23.35,992.5,1158.0,66.10545,36.66667
2022-01-29/15:12:29,23.35,992.5,1158.0,67.23508,36.66667
2022-01-29/15:12:30,23.35,992.5,1158.0,66.52924,36.66667
2022-01-29/15:12:31,23.35,992.5,1158.0,66.80069,36.66667
2022-01-29/15:12:32,23.35,992.5,1158.0,65.0824,36.66667
2022-01-29/15:12:33,23.37,992.6,1153.0,69.02802,36.66667
2022-01-29/15:12:34,23.37,992.6,1153.0,21.0,36.66667
2022-01-29/15:12:35,23.37,992.6,1153.0,66.84513,38.33333
2022-01-29/15:12:36,23.37,992.6,1153.0,65.86076,37.5
2022-01-29/15:12:38,23.37,992.6,1153.0,65.1903,37.5
2022-01-29/15:12:39,23.37,992.6,1153.0,68.92398,37.5
2022-01-29/15:12:40,23.37,992.6,1153.0,65.76093,37.5
2022-01-29/15:12:41,23.37,992.6,1153.0,65.91026,37.5
2022-01-29/15:12:42,23.37,992.6,1153.0,67.88785,37.5
2022-01-29/15:12:43,23.37,992.6,1153.0,66.48315,37.5
2022-01-29/15:12:44,23.37,992.6,1153.0,64.69383,36.66667
2022-01-29/15:12:45,23.37,992.6,1153.0,65.86076,37.5
2022-01-29/15:12:46,23.37,992.6,1153.0,64.57954,37.5
2022-01-29/15:12:47,23.37,992.6,1153.0,68.1587,37.5
2022-01-29/15:12:48,23.37,992.6,1153.0,68.92398,37.5
2022-01-29/15:12:49,23.38,992.5,1153.0,66.52924,35.83333
2022-01-29/15:12:50,23.38,992.5,1153.0,66.97707,35.83333
2022-01-29/15:12:51,23.38,992.5,1153.0,66.97707,37.5
2022-01-29/15:12:52,23.38,992.5,1153.0,61.0,37.5
2022-01-29/15:12:53,23.38,992.5,1153.0,67.44439,35.0
2022-01-29/15:12:54,23.38,992.5,1153.0,66.10545,35.83333
2022-01-29/15:12:55,23.38,992.5,1153.0,67.44439,35.83333
2022-01-29/15:12:56,23.38,992.5,1153.0,68.30976,35.83333
2022-01-29/15:12:57,23.38,992.5,1153.0,65.24375,36.66667
2022-01-29/15:12:58,23.38,992.5,1153.0,65.71057,35.0
2022-01-29/15:12:59,23.38,992.5,1153.0,66.29636,36.66667
2022-01-29/15:13:00,23.38,992.5,1153.0,65.50619,37.5
2022-01-29/15:13:01,23.38,992.5,1153.0,66.48315,37.5
2022-01-29/15:13:02,23.38,992.5,1153.0,65.0824,37.5
2022-01-29/15:13:03,23.39,992.5,1152.0,67.19261,35.83333
2022-01-29/15:13:04,23.39,992.5,1152.0,81.19752,35.83333
2022-01-29/15:13:05,23.39,992.5,1152.0,66.66603,38.33333
2022-01-29/15:13:06,23.39,992.5,1152.0,66.75603,38.33333
2022-01-29/15:13:07,23.39,992.5,1152.0,67.27735,38.33333
2022-01-29/15:13:08,23.39,992.5,1152.0,66.57507,38.33333
2022-01-29/15:13:09,23.39,992.5,1152.0,67.52672,38.33333
2022-01-29/15:13:10,23.39,992.5,1152.0,64.28706,38.33333
2022-01-29/15:13:11,23.39,992.5,1152.0,67.36127,35.0
2022-01-29/15:13:12,23.39,992.5,1152.0,63.92256,35.0
2022-01-29/15:13:13,23.39,992.5,1152.0,65.50619,35.0
2022-01-29/15:13:14,23.39,992.5,1152.0,69.91208,35.83333
2022-01-29/15:13:15,23.39,992.5,1152.0,65.13652,35.83333
2022-01-29/15:13:16,23.39,992.5,1152.0,66.10545,36.66667
2022-01-29/15:13:17,23.39,992.5,1152.0,66.10545,36.66667
2022-01-29/15:13:19,23.39,992.5,1145.0,60.64542,36.66667
2022-01-29/15:13:20,23.39,992.5,1145.0,59.79039,36.66667
2022-01-29/15:13:21,23.39,992.5,1145.0,65.81099,39.16667
2022-01-29/15:13:22,23.39,992.5,1145.0,65.0824,39.16667
2022-01-29/15:13:23,23.39,992.5,1145.0,66.66603,39.16667
2022-01-29/15:13:24,23.39,992.5,1145.0,67.36127,39.16667
2022-01-29/15:13:25,23.39,992.5,1145.0,67.48565,40.0
2022-01-29/15:13:26,23.39,992.5,1145.0,67.10702,40.0
2022-01-29/15:13:27,23.39,992.5,1145.0,63.92256,39.16667
2022-01-29/15:13:28,23.39,992.5,1145.0,65.71057,39.16667
2022-01-29/15:13:29,23.39,992.5,1145.0,68.1587,39.16667
2022-01-29/15:13:30,23.39,992.5,1145.0,66.39026,39.16667
2022-01-29/15:13:31,23.39,992.5,1145.0,66.10545,38.33333
2022-01-29/15:13:32,23.39,992.5,1145.0,65.95947,38.33333
2022-01-29/15:13:33,23.39,992.5,1145.0,66.20142,40.0
2022-01-29/15:13:34,23.4,992.6,1144.0,41.0,40.0
2022-01-29/15:13:35,23.4,992.6,1144.0,66.66603,40.0
2022-01-29/15:13:36,23.4,992.6,1144.0,66.97707,40.0
2022-01-29/15:13:37,23.4,992.6,1144.0,66.48315,40.0
2022-01-29/15:13:38,23.4,992.6,1144.0,65.65992,38.33333
2022-01-29/15:13:39,23.4,992.6,1144.0,66.05706,38.33333
2022-01-29/15:13:40,23.4,992.6,1144.0,63.92256,19.16667
2022-01-29/15:13:41,23.4,992.6,1144.0,66.52924,21.66667
2022-01-29/15:13:42,23.4,992.6,1144.0,65.60898,20.0
2022-01-29/15:13:43,23.4,992.6,1144.0,64.40523,40.0
2022-01-29/15:13:44,23.4,992.6,1144.0,67.14992,40.0
2022-01-29/15:13:45,23.4,992.6,1144.0,66.52924,40.0
2022-01-29/15:13:46,23.4,992.6,1144.0,65.02794,40.0
2022-01-29/15:13:47,23.4,992.6,1144.0,63.47703,40.0
2022-01-29/15:13:48,23.42,992.5,1145.0,69.78665,41.66667
2022-01-29/15:13:49,23.42,992.5,1145.0,68.78333,42.5
2022-01-29/15:13:50,23.42,992.5,1145.0,66.84513,42.5
2022-01-29/15:13:51,23.42,992.5,1145.0,67.96609,40.83333
2022-01-29/15:13:52,23.42,992.5,1145.0,61.34067,40.0
2022-01-29/15:13:53,23.42,992.5,1145.0,69.78665,40.0
2022-01-29/15:13:54,23.42,992.5,1145.0,66.71114,42.5
2022-01-29/15:13:55,23.42,992.5,1145.0,68.23456,42.5
2022-01-29/15:13:56,23.42,992.5,1145.0,66.48315,42.5
2022-01-29/15:13:57,23.42,992.5,1145.0,65.40216,42.5
2022-01-29/15:13:58,23.42,992.5,1145.0,67.7292,42.5
2022-01-29/15:13:59,23.42,992.5,1145.0,65.81099,42.5
2022-01-29/15:14:01,23.42,992.5,1145.0,65.02794,42.5
2022-01-29/15:14:02,23.42,992.5,1145.0,66.71114,40.0
2022-01-29/15:14:03,23.42,992.5,1145.0,66.62067,40.0
2022-01-29/15:14:04,23.43,992.5,1150.0,67.36127,40.0
2022-01-29/15:14:05,23.43,992.5,1150.0,64.40523,40.0
2022-01-29/15:14:06,23.43,992.5,1150.0,65.76093,40.0
2022-01-29/15:14:07,23.43,992.5,1150.0,62.86844,40.0
2022-01-29/15:14:08,23.43,992.5,1150.0,65.45433,40.0
2022-01-29/15:14:09,23.43,992.5,1150.0,66.52924,40.0
2022-01-29/15:14:10,23.43,992.5,1150.0,68.04365,40.0
2022-01-29/15:14:11,23.43,992.5,1150.0,66.48315,41.66667
2022-01-29/15:14:12,23.43,992.5,1150.0,66.75603,41.66667
2022-01-29/15:14:13,23.43,992.5,1150.0,63.41148,40.0
2022-01-29/15:14:14,23.43,992.5,1150.0,66.15357,40.0
2022-01-29/15:14:15,23.43,992.5,1150.0,54.06425,40.83333
2022-01-29/15:14:16,23.43,992.5,1150.0,66.57507,40.83333
2022-01-29/15:14:17,23.43,992.5,1150.0,67.31941,40.83333
2022-01-29/15:14:18,23.43,992.5,1150.0,67.40293,40.83333
2022-01-29/15:14:19,23.45,992.5,1157.0,33.0412,42.5
2022-01-29/15:14:20,23.45,992.5,1157.0,66.9333,42.5
2022-01-29/15:14:21,23.45,992.5,1157.0,74.78618,43.33333
2022-01-29/15:14:22,23.45,992.5,1157.0,74.10277,42.5
2022-01-29/15:14:23,23.45,992.5,1157.0,62.28916,43.33333
2022-01-29/15:14:24,23.45,992.5,1157.0,66.80069,43.33333
2022-01-29/15:14:25,23.45,992.5,1157.0,67.7292,41.66667
2022-01-29/15:14:26,23.45,992.5,1157.0,66.43683,41.66667
2022-01-29/15:14:27,23.45,992.5,1157.0,67.14992,42.5
2022-01-29/15:14:28,23.45,992.5,1157.0,70.45513,42.5
2022-01-29/15:14:29,23.45,992.5,1157.0,68.00496,42.5
2022-01-29/15:14:30,23.45,992.5,1157.0,68.42136,42.5
2022-01-29/15:14:31,23.45,992.5,1157.0,68.53154,42.5
2022-01-29/15:14:32,23.45,992.5,1157.0,65.1903,42.5
2022-01-29/15:14:33,23.47,992.4,1153.0,68.85394,42.5
2022-01-29/15:14:34,23.47,992.4,1153.0,66.88933,43.33333
2022-01-29/15:14:35,23.47,992.4,1153.0,67.76913,43.33333
2022-01-29/15:14:36,23.47,992.4,1153.0,64.40523,43.33333
2022-01-29/15:14:37,23.47,992.4,1153.0,67.0206,43.33333
2022-01-29/15:14:38,23.47,992.4,1153.0,63.34543,43.33333
2022-01-29/15:14:39,23.47,992.4,1153.0,67.06392,43.33333
2022-01-29/15:14:40,23.47,992.4,1153.0,64.75041,43.33333
2022-01-29/15:14:41,23.47,992.4,1153.0,65.40216,43.33333
2022-01-29/15:14:42,23.47,992.4,1153.0,67.84845,43.33333
2022-01-29/15:14:43,23.47,992.4,1153.0,66.48315,43.33333
2022-01-29/15:14:44,23.47,992.4,1153.0,67.68907,20.0
2022-01-29/15:14:45,23.47,992.4,1153.0,61.50611,20.83333
2022-01-29/15:14:46,23.47,992.4,1153.0,63.98438,20.83333
2022-01-29/15:14:48,23.47,992.4,1153.0,65.71057,42.5
2022-01-29/15:14:49,23.49,992.5,1150.0,58.14665,43.33333
2022-01-29/15:14:50,23.49,992.5,1150.0,61.66847,45.83333
2022-01-29/15:14:51,23.49,992.5,1150.0,65.95947,46.66667
2022-01-29/15:14:52,23.49,992.5,1150.0,67.76913,46.66667
2022-01-29/15:14:53,23.49,992.5,1150.0,67.27735,46.66667
2022-01-29/15:14:54,23.49,992.5,1150.0,65.91026,46.66667
2022-01-29/15:14:55,23.49,992.5,1150.0,66.05706,46.66667
2022-01-29/15:14:56,23.49,992.5,1150.0,63.79758,46.66667
2022-01-29/15:14:57,23.49,992.5,1150.0,66.84513,46.66667
2022-01-29/15:14:58,23.49,992.5,1150.0,66.97707,44.16667
2022-01-29/15:14:59,23.49,992.5,1150.0,64.75041,44.16667
2022-01-29/15:15:00,23.49,992.5,1150.0,67.19261,44.16667
2022-01-29/15:15:01,23.49,992.5,1150.0,66.05706,44.16667
2022-01-29/15:15:02,23.49,992.5,1150.0,68.1587,43.33333
2022-01-29/15:15:03,23.49,992.5,1150.0,65.50619,43.33333
2022-01-29/15:15:04,23.51,992.5,1152.0,33.0412,43.33333
2022-01-29/15:15:05,23.51,992.5,1152.0,65.71057,43.33333
2022-01-29/15:15:06,23.51,992.5,1152.0,66.88933,43.33333
2022-01-29/15:15:07,23.51,992.5,1152.0,68.00496,45.0
2022-01-29/15:15:08,23.51,992.5,1152.0,65.0824,45.0
2022-01-29/15:15:09,23.51,992.5,1152.0,66.34343,44.16667
2022-01-29/15:15:10,23.51,992.5,1152.0,65.50619,45.0
2022-01-29/15:15:11,23.51,992.5,1152.0,68.34712,44.16667
2022-01-29/15:15:12,23.51,992.5,1152.0,69.16481,45.83333
2022-01-29/15:15:13,23.51,992.5,1152.0,65.55773,45.0
2022-01-29/15:15:14,23.51,992.5,1152.0,63.41148,44.16667
2022-01-29/15:15:15,23.51,992.5,1152.0,66.39026,45.0
2022-01-29/15:15:16,23.51,992.5,1152.0,64.04577,18.33333
2022-01-29/15:15:17,23.51,992.5,1152.0,66.34343,20.0
2022-01-29/15:15:18,23.51,992.4,1156.0,62.28916,17.5
2022-01-29/15:15:19,23.51,992.4,1156.0,73.92808,44.16667
2022-01-29/15:15:20,23.51,992.4,1156.0,66.20142,44.16667
2022-01-29/15:15:21,23.51,992.4,1156.0,65.95947,43.33333
2022-01-29/15:15:22,23.51,992.4,1156.0,65.71057,43.33333
2022-01-29/15:15:23,23.51,992.4,1156.0,64.28706,43.33333
2022-01-29/15:15:24,23.51,992.4,1156.0,65.71057,43.33333
2022-01-29/15:15:25,23.51,992.4,1156.0,64.97314,45.0
2022-01-29/15:15:26,23.51,992.4,1156.0,66.10545,45.0
2022-01-29/15:15:27,23.51,992.4,1156.0,65.50619,45.0
2022-01-29/15:15:28,23.51,992.4,1156.0,67.5676,44.16667
2022-01-29/15:15:29,23.51,992.4,1156.0,66.97707,44.16667
2022-01-29/15:15:30,23.51,992.4,1156.0,66.48315,43.33333
2022-01-29/15:15:31,23.51,992.4,1156.0,66.84513,43.33333
2022-01-29/15:15:32,23.51,992.4,1156.0,67.96609,44.16667
2022-01-29/15:15:34,23.51,992.5,1162.0,62.13809,44.16667
2022-01-29/15:15:35,23.51,992.5,1162.0,59.48559,44.16667
2022-01-29/15:15:36,23.51,992.5,1162.0,63.67078,44.16667
2022-01-29/15:15:37,23.51,992.5,1162.0,66.34343,44.16667
2022-01-29/15:15:38,23.51,992.5,1162.0,65.60898,44.16667
2022-01-29/15:15:39,23.51,992.5,1162.0,66.71114,47.5
2022-01-29/15:15:40,23.51,992.5,1162.0,67.84845,47.5
2022-01-29/15:15:41,23.51,992.5,1162.0,68.53154,47.5
2022-01-29/15:15:42,23.51,992.5,1162.0,68.8187,47.5
2022-01-29/15:15:43,23.51,992.5,1162.0,65.0824,47.5
2022-01-29/15:15:44,23.51,992.5,1162.0,63.98438,47.5
2022-01-29/15:15:45,23.51,992.5,1162.0,67.0206,47.5
2022-01-29/15:15:46,23.51,992.5,1162.0,69.09668,47.5
2022-01-29/15:15:47,23.51,992.5,1162.0,66.05706,46.66667
2022-01-29/15:15:48,23.51,992.5,1162.0,75.11728,46.66667
2022-01-29/15:15:49,23.51,992.5,1157.0,61.66847,47.5
2022-01-29/15:15:50,23.51,992.5,1157.0,66.57507,47.5
2022-01-29/15:15:51,23.51,992.5,1157.0,68.1587,46.66667
2022-01-29/15:15:52,23.51,992.5,1157.0,63.92256,45.83333
2022-01-29/15:15:53,23.51,992.5,1157.0,65.65992,45.83333
2022-01-29/15:15:54,23.51,992.5,1157.0,68.71213,45.0
2022-01-29/15:15:55,23.51,992.5,1157.0,66.71114,45.0
2022-01-29/15:15:56,23.51,992.5,1157.0,66.0084,45.0
2022-01-29/15:15:57,23.51,992.5,1157.0,67.14992,44.16667
2022-01-29/15:15:58,23.51,992.5,1157.0,64.75041,44.16667
2022-01-29/15:15:59,23.51,992.5,1157.0,66.15357,46.66667
2022-01-29/15:16:00,23.51,992.5,1157.0,68.19672,46.66667
2022-01-29/15:16:01,23.51,992.5,1157.0,67.06392,46.66667
2022-01-29/15:16:02,23.51,992.5,1157.0,67.06392,46.66667
2022-01-29/15:16:03,23.53,992.2999,1162.0,64.63687,45.83333
2022-01-29/15:16:04,23.53,992.2999,1162.0,47.0206,45.83333
2022-01-29/15:16:05,23.53,992.2999,1162.0,67.40293,45.83333
2022-01-29/15:16:06,23.53,992.2999,1162.0,66.48315,46.66667
2022-01-29/15:16:07,23.53,992.2999,1162.0,63.98438,46.66667
2022-01-29/15:16:08,23.53,992.2999,1162.0,67.68907,46.66667
2022-01-29/15:16:09,23.53,992.2999,1162.0,68.08217,42.5
2022-01-29/15:16:10,23.53,992.2999,1162.0,64.69383,20.83333
2022-01-29/15:16:11,23.53,992.2999,1162.0,66.39026,21.66667
2022-01-29/15:16:12,23.53,992.2999,1162.0,67.84845,47.5
2022-01-29/15:16:14,23.53,992.2999,1162.0,64.34635,47.5
2022-01-29/15:16:15,23.53,992.2999,1162.0,65.50619,47.5
2022-01-29/15:16:16,23.53,992.2999,1162.0,65.65992,48.33333
2022-01-29/15:16:17,23.53,992.2999,1162.0,67.48565,46.66667
2022-01-29/15:16:18,23.53,992.2999,1162.0,67.84845,46.66667
2022-01-29/15:16:19,23.53,992.4,1166.0,67.96609,46.66667
2022-01-29/15:16:20,23.53,992.4,1166.0,62.36372,46.66667
2022-01-29/15:16:21,23.53,992.4,1166.0,67.19261,47.5
2022-01-29/15:16:22,23.53,992.4,1166.0,66.84513,47.5
2022-01-29/15:16:23,23.53,992.4,1166.0,67.14992,47.5
2022-01-29/15:16:24,23.53,992.4,1166.0,66.15357,47.5
2022-01-29/15:16:25,23.53,992.4,1166.0,66.20142,48.33333
2022-01-29/15:16:26,23.53,992.4,1166.0,67.76913,48.33333
2022-01-29/15:16:27,23.53,992.4,1166.0,67.14992,48.33333
2022-01-29/15:16:28,23.53,992.4,1166.0,66.97707,48.33333
2022-01-29/15:16:29,23.53,992.4,1166.0,68.23456,48.33333
2022-01-29/15:16:30,23.53,992.4,1166.0,66.10545,47.5
2022-01-29/15:16:31,23.53,992.4,1166.0,63.67078,47.5
2022-01-29/15:16:32,23.53,992.4,1166.0,50.82723,47.5
2022-01-29/15:16:33,23.53,992.4,1166.0,64.40523,47.5
2022-01-29/15:16:34,23.54,992.4,1173.0,81.19752,46.66667
2022-01-29/15:16:35,23.54,992.4,1173.0,68.67631,49.16667
2022-01-29/15:16:36,23.54,992.4,1173.0,67.5676,49.16667
2022-01-29/15:16:37,23.54,992.4,1173.0,72.99767,49.16667
2022-01-29/15:16:38,23.54,992.4,1173.0,67.52672,48.33333
2022-01-29/15:16:39,23.54,992.4,1173.0,66.48315,48.33333
2022-01-29/15:16:40,23.54,992.4,1173.0,66.39026,46.66667
2022-01-29/15:16:41,23.54,992.4,1173.0,62.7272,46.66667
2022-01-29/15:16:42,23.54,992.4,1173.0,66.20142,45.0
2022-01-29/15:16:43,23.54,992.4,1173.0,67.60828,45.0
2022-01-29/15:16:44,23.54,992.4,1173.0,62.13809,44.16667
2022-01-29/15:16:45,23.54,992.4,1173.0,67.06392,45.0
2022-01-29/15:16:46,23.54,992.4,1173.0,65.29687,45.0
2022-01-29/15:16:47,23.54,992.4,1173.0,66.10545,45.0
2022-01-29/15:16:48,23.55,992.4,1172.0,48.9588,45.0
2022-01-29/15:16:50,23.55,992.4,1172.0,21.0,45.0
2022-01-29/15:16:51,23.55,992.4,1172.0,62.28916,45.0
2022-01-29/15:16:52,23.55,992.4,1172.0,60.18083,46.66667
2022-01-29/15:16:53,23.55,992.4,1172.0,64.40523,47.5
2022-01-29/15:16:54,23.55,992.4,1172.0,67.19261,47.5
2022-01-29/15:16:55,23.55,992.4,1172.0,65.0824,47.5
2022-01-29/15:16:56,23.55,992.4,1172.0,64.34635,47.5
2022-01-29/15:16:57,23.55,992.4,1172.0,66.62067,47.5
2022-01-29/15:16:58,23.55,992.4,1172.0,66.20142,47.5
2022-01-29/15:16:59,23.55,992.4,1172.0,64.69383,46.66667
2022-01-29/15:17:00,23.55,992.4,1172.0,69.1308,46.66667
2022-01-29/15:17:01,23.55,992.4,1172.0,62.36372,46.66667
2022-01-29/15:17:02,23.55,992.4,1172.0,70.24796,46.66667
2022-01-29/15:17:03,23.55,992.4,1172.0,70.24796,46.66667
2022-01-29/15:17:04,23.57,992.4,1170.0,59.27628,45.83333
2022-01-29/15:17:05,23.57,992.4,1170.0,67.60828,45.83333
2022-01-29/15:17:06,23.57,992.4,1170.0,65.71057,45.83333
2022-01-29/15:17:07,23.57,992.4,1170.0,65.13652,45.83333
2022-01-29/15:17:08,23.57,992.4,1170.0,70.62885,45.83333
2022-01-29/15:17:09,23.57,992.4,1170.0,66.71114,46.66667
2022-01-29/15:17:10,23.57,992.4,1170.0,66.29636,46.66667
2022-01-29/15:17:11,23.57,992.4,1170.0,65.65992,45.83333
2022-01-29/15:17:12,23.57,992.4,1170.0,67.36127,45.83333
2022-01-29/15:17:13,23.57,992.4,1170.0,67.10702,45.0
2022-01-29/15:17:14,23.57,992.4,1170.0,65.0824,45.0
2022-01-29/15:17:15,23.57,992.4,1170.0,65.86076,45.0
2022-01-29/15:17:16,23.57,992.4,1170.0,68.23456,44.16667
2022-01-29/15:17:17,23.57,992.4,1170.0,61.08643,43.33333
2022-01-29/15:17:18,23.58,992.4,1174.0,64.10672,43.33333
2022-01-29/15:17:19,23.58,992.4,1174.0,51.103,44.16667
2022-01-29/15:17:20,23.58,992.4,1174.0,68.1587,43.33333
2022-01-29/15:17:21,23.58,992.4,1174.0,67.68907,45.83333
2022-01-29/15:17:22,23.58,992.4,1174.0,65.86076,45.83333
2022-01-29/15:17:23,23.58,992.4,1174.0,64.57954,45.83333
2022-01-29/15:17:24,23.58,992.4,1174.0,68.78333,42.5
2022-01-29/15:17:25,23.58,992.4,1174.0,67.60828,22.5
2022-01-29/15:17:26,23.58,992.4,1174.0,65.0824,19.16667
2022-01-29/15:17:27,23.58,992.4,1174.0,37.90196,45.0
2022-01-29/15:17:28,23.58,992.4,1174.0,63.54209,45.0
2022-01-29/15:17:30,23.58,992.4,1174.0,66.71114,45.83333
2022-01-29/15:17:31,23.58,992.4,1174.0,64.16725,44.16667
2022-01-29/15:17:32,23.58,992.4,1174.0,66.62067,43.33333
2022-01-29/15:17:33,23.58,992.4,1174.0,68.85394,43.33333
2022-01-29/15:17:34,23.58,992.4,1168.0,67.40293,43.33333
2022-01-29/15:17:35,23.58,992.4,1168.0,64.22736,43.33333
2022-01-29/15:17:36,23.58,992.4,1168.0,59.48559,43.33333
2022-01-29/15:17:37,23.58,992.4,1168.0,60.27576,44.16667
2022-01-29/15:17:38,23.58,992.4,1168.0,64.86249,44.16667
2022-01-29/15:17:39,23.58,992.4,1168.0,71.68053,45.0
2022-01-29/15:17:40,23.58,992.4,1168.0,58.95254,44.16667
2022-01-29/15:17:41,23.58,992.4,1168.0,72.36404,44.16667
2022-01-29/15:17:42,23.58,992.4,1168.0,81.19752,44.16667
2022-01-29/15:17:43,23.58,992.4,1168.0,61.172,45.83333
2022-01-29/15:17:44,23.58,992.4,1168.0,73.12763,45.83333
2022-01-29/15:17:45,23.58,992.4,1168.0,56.26856,45.83333
2022-01-29/15:17:46,23.58,992.4,1168.0,72.41086,45.83333
2022-01-29/15:17:47,23.58,992.4,1168.0,63.47703,45.83333
2022-01-29/15:17:48,23.58,992.4,1168.0,73.94766,45.83333
2022-01-29/15:17:49,23.59,992.5,1177.0,74.33036,45.83333
2022-01-29/15:17:50,23.59,992.5,1177.0,69.16481,45.83333
2022-01-29/15:17:51,23.59,992.5,1177.0,67.06392,44.16667
2022-01-29/15:17:52,23.59,992.5,1177.0,66.10545,44.16667
2022-01-29/15:17:53,23.59,992.5,1177.0,80.46256,44.16667
2022-01-29/15:17:54,23.59,992.5,1177.0,60.82452,43.33333
2022-01-29/15:17:55,23.59,992.5,1177.0,67.14992,43.33333
2022-01-29/15:17:56,23.59,992.5,1177.0,64.46373,45.0
2022-01-29/15:17:57,23.59,992.5,1177.0,68.64034,45.0
2022-01-29/15:17:58,23.59,992.5,1177.0,65.13652,45.0
2022-01-29/15:17:59,23.59,992.5,1177.0,69.09668,45.0
2022-01-29/15:18:00,23.59,992.5,1177.0,70.0969,44.16667
2022-01-29/15:18:01,23.59,992.5,1177.0,65.86076,44.16667
2022-01-29/15:18:02,23.59,992.5,1177.0,63.73441,44.16667
2022-01-29/15:18:03,23.57,992.4,1170.0,70.62885,42.5
2022-01-29/15:18:04,23.57,992.4,1170.0,54.9794,42.5
2022-01-29/15:18:05,23.57,992.4,1170.0,66.48315,41.66667
2022-01-29/15:18:06,23.57,992.4,1170.0,64.52182,41.66667
2022-01-29/15:18:07,23.57,992.4,1170.0,66.66603,41.66667
2022-01-29/15:18:08,23.57,992.4,1170.0,66.10545,41.66667
2022-01-29/15:18:10,23.57,992.4,1170.0,65.91026,41.66667
2022-01-29/15:18:11,23.57,992.4,1170.0,64.57954,41.66667
2022-01-29/15:18:12,23.57,992.4,1170.0,65.91026,41.66667
2022-01-29/15:18:13,23.57,992.4,1170.0,66.66603,42.5
2022-01-29/15:18:14,23.57,992.4,1170.0,66.75603,42.5
2022-01-29/15:18:15,23.57,992.4,1170.0,65.45433,42.5
2022-01-29/15:18:16,23.57,992.4,1170.0,63.27887,42.5
2022-01-29/15:18:17,23.57,992.4,1170.0,67.48565,33.33333
2022-01-29/15:18:18,23.57,992.4,1170.0,66.84513,17.5
2022-01-29/15:18:19,23.59,992.5,1174.0,66.71114,20.83333
2022-01-29/15:18:20,23.59,992.5,1174.0,65.76093,42.5
2022-01-29/15:18:21,23.59,992.5,1174.0,66.05706,42.5
2022-01-29/15:18:22,23.59,992.5,1174.0,67.92706,43.33333
2022-01-29/15:18:23,23.59,992.5,1174.0,68.12051,43.33333
2022-01-29/15:18:24,23.59,992.5,1174.0,63.60668,43.33333
2022-01-29/15:18:25,23.59,992.5,1174.0,65.1903,43.33333
2022-01-29/15:18:26,23.59,992.5,1174.0,68.27224,47.5
2022-01-29/15:18:27,23.59,992.5,1174.0,66.20142,46.66667
2022-01-29/15:18:28,23.59,992.5,1174.0,64.97314,46.66667
2022-01-29/15:18:29,23.59,992.5,1174.0,70.30766,45.83333
2022-01-29/15:18:30,23.59,992.5,1174.0,67.52672,44.16667
2022-01-29/15:18:31,23.59,992.5,1174.0,64.86249,44.16667
2022-01-29/15:18:32,23.59,992.5,1174.0,65.24375,44.16667
2022-01-29/15:18:33,23.6,992.4,1178.0,66.29636,44.16667
2022-01-29/15:18:34,23.6,992.4,1178.0,81.19752,44.16667
2022-01-29/15:18:35,23.6,992.4,1178.0,66.9333,44.16667
2022-01-29/15:18:36,23.6,992.4,1178.0,65.71057,44.16667
2022-01-29/15:18:37,23.6,992.4,1178.0,66.62067,45.0
2022-01-29/15:18:38,23.6,992.4,1178.0,69.29947,44.16667
2022-01-29/15:18:39,23.6,992.4,1178.0,65.34968,46.66667
2022-01-29/15:18:40,23.6,992.4,1178.0,68.19672,46.66667
2022-01-29/15:18:41,23.6,992.4,1178.0,68.67631,46.66667
2022-01-29/15:18:42,23.6,992.4,1178.0,68.71213,45.0
2022-01-29/15:18:43,23.6,992.4,1178.0,68.64034,45.0
2022-01-29/15:18:44,23.6,992.4,1178.0,64.28706,44.16667
2022-01-29/15:18:45,23.6,992.4,1178.0,69.19866,21.66667
2022-01-29/15:18:46,23.6,992.4,1178.0,63.07607,18.33333
2022-01-29/15:18:47,23.6,992.4,1178.0,66.84513,19.16667
2022-01-29/15:18:48,23.62,992.2999,1181.0,68.42136,45.83333
2022-01-29/15:18:49,23.62,992.2999,1181.0,62.86844,45.83333
2022-01-29/15:18:50,23.62,992.2999,1181.0,77.44336,45.0
2022-01-29/15:18:52,23.62,992.2999,1181.0,21.0,42.5
2022-01-29/15:18:53,23.62,992.2999,1181.0,67.40293,42.5
2022-01-29/15:18:54,23.62,992.2999,1181.0,66.15357,42.5
2022-01-29/15:18:55,23.62,992.2999,1181.0,55.15141,44.16667
2022-01-29/15:18:56,23.62,992.2999,1181.0,64.75041,44.16667
2022-01-29/15:18:57,23.62,992.2999,1181.0,67.84845,44.16667
2022-01-29/15:18:58,23.62,992.2999,1181.0,73.17052,44.16667
2022-01-29/15:18:59,23.62,992.2999,1181.0,68.56796,45.0
2022-01-29/15:19:00,23.62,992.2999,1181.0,73.34001,45.0
2022-01-29/15:19:01,23.62,992.2999,1181.0,65.02794,45.0
2022-01-29/15:19:02,23.62,992.2999,1181.0,65.95947,45.0
2022-01-29/15:19:03,23.62,992.2999,1181.0,79.76038,46.66667
2022-01-29/15:19:04,23.63,992.4,1182.0,55.48552,46.66667
2022-01-29/15:19:05,23.63,992.4,1182.0,65.0824,46.66667
2022-01-29/15:19:06,23.63,992.4,1182.0,21.0,47.5
2022-01-29/15:19:07,23.63,992.4,1182.0,63.67078,47.5
2022-01-29/15:19:08,23.63,992.4,1182.0,69.02802,47.5
2022-01-29/15:19:09,23.63,992.4,1182.0,39.0618,45.83333
2022-01-29/15:19:10,23.63,992.4,1182.0,61.66847,47.5
2022-01-29/15:19:11,23.63,992.4,1182.0,67.19261,45.83333
2022-01-29/15:19:12,23.63,992.4,1182.0,58.61627,45.83333
2022-01-29/15:19:13,23.63,992.4,1182.0,64.52182,45.83333
2022-01-29/15:19:14,23.63,992.4,1182.0,62.9382,45.83333
2022-01-29/15:19:15,23.63,992.4,1182.0,68.7478,45.83333
2022-01-29/15:19:16,23.63,992.4,1182.0,67.36127,45.83333
2022-01-29/15:19:17,23.63,992.4,1182.0,68.78333,46.66667
2022-01-29/15:19:18,23.62,992.2999,1188.0,68.45824,46.66667
2022-01-29/15:19:19,23.62,992.2999,1188.0,52.12605,43.33333
2022-01-29/15:19:20,23.62,992.2999,1188.0,58.26646,43.33333
2022-01-29/15:19:21,23.62,992.2999,1188.0,41.82786,44.16667
2022-01-29/15:19:22,23.62,992.2999,1188.0,68.12051,46.66667
2022-01-29/15:19:23,23.62,992.2999,1188.0,67.60828,44.16667
2022-01-29/15:19:24,23.62,992.2999,1188.0,66.29636,44.16667
2022-01-29/15:19:25,23.62,992.2999,1188.0,71.1301,44.16667
2022-01-29/15:19:26,23.62,992.2999,1188.0,70.33736,44.16667
2022-01-29/15:19:27,23.62,992.2999,1188.0,61.90646,44.16667
2022-01-29/15:19:28,23.62,992.2999,1188.0,61.0,44.16667
2022-01-29/15:19:29,23.62,992.2999,1188.0,70.62885,45.0
2022-01-29/15:19:31,23.62,992.2999,1188.0,44.52183,45.0
2022-01-29/15:19:32,23.62,992.2999,1188.0,70.06637,45.0
2022-01-29/15:19:33,23.62,992.2999,1188.0,65.95947,45.0
2022-01-29/15:19:34,23.62,992.2999,1193.0,58.61627,45.83333
2022-01-29/15:19:35,23.62,992.2999,1193.0,66.05706,48.33333
2022-01-29/15:19:36,23.62,992.2999,1193.0,62.28916,48.33333
2022-01-29/15:19:37,23.62,992.2999,1193.0,67.14992,49.16667
2022-01-29/15:19:38,23.62,992.2999,1193.0,64.34635,48.33333
2022-01-29/15:19:39,23.62,992.2999,1193.0,67.5676,49.16667
2022-01-29/15:19:40,23.62,992.2999,1193.0,68.67631,49.16667
2022-01-29/15:19:41,23.62,992.2999,1193.0,67.27735,50.0
2022-01-29/15:19:42,23.62,992.2999,1193.0,65.91026,49.16667
2022-01-29/15:19:43,23.62,992.2999,1193.0,61.172,48.33333
2022-01-29/15:19:44,23.62,992.2999,1193.0,74.04492,48.33333
2022-01-29/15:19:45,23.62,992.2999,1193.0,68.08217,48.33333
2022-01-29/15:19:46,23.62,992.2999,1193.0,63.67078,48.33333
2022-01-29/15:19:47,23.62,992.2999,1193.0,67.10702,47.5
2022-01-29/15:19:48,23.62,992.2999,1193.0,66.9333,48.33333
2022-01-29/15:19:49,23.6,992.4,1188.0,78.60484,48.33333
2022-01-29/15:19:50,23.6,992.4,1188.0,64.04577,47.5
2022-01-29/15:19:51,23.6,992.4,1188.0,68.08217,48.33333
2022-01-29/15:19:52,23.6,992.4,1188.0,66.66603,46.66667
2022-01-29/15:19:53,23.6,992.4,1188.0,65.76093,46.66667
2022-01-29/15:19:54,23.6,992.4,1188.0,63.41148,48.33333
2022-01-29/15:19:55,23.6,992.4,1188.0,66.29636,47.5
2022-01-29/15:19:56,23.6,992.4,1188.0,62.13809,47.5
2022-01-29/15:19:57,23.6,992.4,1188.0,63.07607,47.5
2022-01-29/15:19:58,23.6,992.4,1188.0,62.86844,46.66667
2022-01-29/15:19:59,23.6,992.4,1188.0,67.52672,46.66667
2022-01-29/15:20:00,23.6,992.4,1188.0,65.02794,45.83333
2022-01-29/15:20:01,23.6,992.4,1188.0,67.10702,45.83333
2022-01-29/15:20:02,23.6,992.4,1188.0,68.53154,45.0
2022-01-29/15:20:03,23.63,992.2999,1199.0,67.68907,45.0
2022-01-29/15:20:04,23.63,992.2999,1199.0,49.29947,44.16667
2022-01-29/15:20:05,23.63,992.2999,1199.0,65.29687,43.33333
2022-01-29/15:20:06,23.63,992.2999,1199.0,68.45824,44.16667
2022-01-29/15:20:07,23.63,992.2999,1199.0,67.14992,44.16667
2022-01-29/15:20:09,23.63,992.2999,1199.0,66.9333,44.16667
2022-01-29/15:20:10,23.63,992.2999,1199.0,64.86249,43.33333
2022-01-29/15:20:11,23.63,992.2999,1199.0,67.76913,43.33333
2022-01-29/15:20:12,23.63,992.2999,1199.0,65.60898,41.66667
2022-01-29/15:20:13,23.63,992.2999,1199.0,66.66603,40.83333
2022-01-29/15:20:14,23.63,992.2999,1199.0,66.34343,40.83333
2022-01-29/15:20:15,23.63,992.2999,1199.0,67.19261,41.66667
2022-01-29/15:20:16,23.63,992.2999,1199.0,69.75502,40.83333
2022-01-29/15:20:17,23.63,992.2999,1199.0,66.39026,40.83333
2022-01-29/15:20:18,23.63,992.2999,1199.0,65.1903,40.83333
2022-01-29/15:20:19,23.64,992.2999,1202.0,55.64787,40.83333
2022-01-29/15:20:20,23.64,992.2999,1202.0,70.48433,41.66667
2022-01-29/15:20:21,23.64,992.2999,1202.0,67.23508,40.83333
2022-01-29/15:20:22,23.64,992.2999,1202.0,65.86076,41.66667
2022-01-29/15:20:23,23.64,992.2999,1202.0,63.92256,40.83333
2022-01-29/15:20:24,23.64,992.2999,1202.0,65.76093,41.66667
2022-01-29/15:20:25,23.64,992.2999,1202.0,62.43764,40.83333
2022-01-29/15:20:26,23.64,992.2999,1202.0,68.27224,40.0
2022-01-29/15:20:27,23.64,992.2999,1202.0,67.48565,40.0
2022-01-29/15:20:28,23.64,992.2999,1202.0,67.0206,39.16667
2022-01-29/15:20:29,23.64,992.2999,1202.0,66.24902,39.16667
2022-01-29/15:20:30,23.64,992.2999,1202.0,65.86076,40.0
2022-01-29/15:20:31,23.64,992.2999,1202.0,66.80069,40.0
2022-01-29/15:20:32,23.64,992.2999,1202.0,65.40216,40.0
2022-01-29/15:20:33,23.66,992.2999,1205.0,66.39026,38.33333
2022-01-29/15:20:34,23.66,992.2999,1205.0,81.19752,38.33333
2022-01-29/15:20:35,23.66,992.2999,1205.0,63.67078,38.33333
2022-01-29/15:20:36,23.66,992.2999,1205.0,67.23508,15.83333
2022-01-29/15:20:37,23.66,992.2999,1205.0,68.00496,15.83333
2022-01-29/15:20:38,23.66,992.2999,1205.0,64.04577,13.33333
2022-01-29/15:20:39,23.66,992.2999,1205.0,65.76093,37.5
2022-01-29/15:20:40,23.66,992.2999,1205.0,65.71057,36.66667
2022-01-29/15:20:41,23.66,992.2999,1205.0,67.92706,36.66667
2022-01-29/15:20:42,23.66,992.2999,1205.0,66.48315,37.5
2022-01-29/15:20:43,23.66,992.2999,1205.0,66.34343,37.5
2022-01-29/15:20:44,23.66,992.2999,1205.0,65.81099,36.66667
2022-01-29/15:20:45,23.66,992.2999,1205.0,63.47703,36.66667
2022-01-29/15:20:46,23.66,992.2999,1205.0,67.06392,37.5
2022-01-29/15:20:47,23.66,992.2999,1205.0,64.57954,36.66667
2022-01-29/15:20:48,23.67,992.2999,1210.0,65.0824,36.66667
2022-01-29/15:20:49,23.67,992.2999,1210.0,48.9588,36.66667
2022-01-29/15:20:50,23.67,992.2999,1210.0,65.13652,36.66667
2022-01-29/15:20:51,23.67,992.2999,1210.0,66.0084,36.66667
2022-01-29/15:20:52,23.67,992.2999,1210.0,67.23508,36.66667
2022-01-29/15:20:53,23.67,992.2999,1210.0,64.40523,35.83333
2022-01-29/15:20:54,23.67,992.2999,1210.0,64.97314,35.83333
2022-01-29/15:20:56,23.67,992.2999,1210.0,67.68907,35.83333
2022-01-29/15:20:57,23.67,992.2999,1210.0,66.88933,35.83333
2022-01-29/15:20:58,23.67,992.2999,1210.0,66.43683,38.33333
2022-01-29/15:20:59,23.67,992.2999,1210.0,65.55773,38.33333
2022-01-29/15:21:00,23.67,992.2999,1210.0,66.20142,37.5
2022-01-29/15:21:01,23.67,992.2999,1210.0,67.88785,36.66667
2022-01-29/15:21:02,23.67,992.2999,1210.0,66.10545,35.83333
2022-01-29/15:21:03,23.67,992.2999,1210.0,63.98438,35.83333
2022-01-29/15:21:04,23.68,992.2,1210.0,61.0,35.83333
2022-01-29/15:21:05,23.68,992.2,1210.0,65.0824,36.66667
2022-01-29/15:21:06,23.68,992.2,1210.0,67.14992,36.66667
2022-01-29/15:21:07,23.68,992.2,1210.0,64.918,36.66667
2022-01-29/15:21:08,23.68,992.2,1210.0,67.60828,35.0
2022-01-29/15:21:09,23.68,992.2,1210.0,66.24902,34.16667
2022-01-29/15:21:10,23.68,992.2,1210.0,66.29636,35.83333
2022-01-29/15:21:11,23.68,992.2,1210.0,66.43683,36.66667
2022-01-29/15:21:12,23.68,992.2,1210.0,66.10545,36.66667
2022-01-29/15:21:13,23.68,992.2,1210.0,66.88933,36.66667
2022-01-29/15:21:14,23.68,992.2,1210.0,67.5676,36.66667
2022-01-29/15:21:15,23.68,992.2,1210.0,66.24902,36.66667
2022-01-29/15:21:16,23.68,992.2,1210.0,65.60898,35.83333
2022-01-29/15:21:17,23.68,992.2,1210.0,65.91026,35.83333
2022-01-29/15:21:18,23.68,992.4,1215.0,67.31941,34.16667
2022-01-29/15:21:19,23.68,992.4,1215.0,81.19752,33.33333
2022-01-29/15:21:20,23.68,992.4,1215.0,67.31941,33.33333
2022-01-29/15:21:21,23.68,992.4,1215.0,68.12051,34.16667
2022-01-29/15:21:22,23.68,992.4,1215.0,65.34968,34.16667
2022-01-29/15:21:23,23.68,992.4,1215.0,68.9588,34.16667
2022-01-29/15:21:24,23.68,992.4,1215.0,66.15357,34.16667
2022-01-29/15:21:25,23.68,992.4,1215.0,65.71057,34.16667
2022-01-29/15:21:26,23.68,992.4,1215.0,65.1903,35.0
2022-01-29/15:21:27,23.68,992.4,1215.0,66.0084,35.0
2022-01-29/15:21:28,23.68,992.4,1215.0,67.80889,35.0
2022-01-29/15:21:29,23.68,992.4,1215.0,66.62067,35.0
2022-01-29/15:21:30,23.68,992.4,1215.0,65.76093,35.0
2022-01-29/15:21:31,23.68,992.4,1215.0,64.918,35.83333
2022-01-29/15:21:32,23.68,992.4,1215.0,65.45433,35.0
2022-01-29/15:21:33,23.7,992.4,1214.0,67.14992,35.83333
2022-01-29/15:21:34,23.7,992.4,1214.0,48.60423,35.83333
2022-01-29/15:21:35,23.7,992.4,1214.0,65.65992,37.5
2022-01-29/15:21:36,23.7,992.4,1214.0,65.81099,37.5
2022-01-29/15:21:37,23.7,992.4,1214.0,67.36127,37.5
2022-01-29/15:21:38,23.7,992.4,1214.0,65.76093,38.33333
2022-01-29/15:21:39,23.7,992.4,1214.0,65.29687,38.33333
2022-01-29/15:21:41,23.7,992.4,1214.0,61.98436,38.33333
2022-01-29/15:21:42,23.7,992.4,1214.0,69.49764,38.33333
2022-01-29/15:21:43,23.7,992.4,1214.0,62.7981,38.33333
2022-01-29/15:21:44,23.7,992.4,1214.0,66.9333,39.16667
2022-01-29/15:21:45,23.7,992.4,1214.0,66.10545,39.16667
2022-01-29/15:21:46,23.7,992.4,1214.0,64.80663,39.16667
2022-01-29/15:21:47,23.7,992.4,1214.0,65.65992,39.16667
2022-01-29/15:21:48,23.7,992.4,1214.0,65.76093,39.16667
2022-01-29/15:21:49,23.7,992.2999,1214.0,21.0,39.16667
2022-01-29/15:21:50,23.7,992.2999,1214.0,65.34968,40.0
2022-01-29/15:21:51,23.7,992.2999,1214.0,65.86076,39.16667
2022-01-29/15:21:52,23.7,992.2999,1214.0,66.66603,39.16667
2022-01-29/15:21:53,23.7,992.2999,1214.0,66.15357,16.66667
2022-01-29/15:21:54,23.7,992.2999,1214.0,66.97707,16.66667
2022-01-29/15:21:55,23.7,992.2999,1214.0,67.19261,19.16667
2022-01-29/15:21:56,23.7,992.2999,1214.0,66.62067,12.5
2022-01-29/15:21:57,23.7,992.2999,1214.0,67.48565,12.5
2022-01-29/15:21:58,23.7,992.2999,1214.0,65.1903,35.0
2022-01-29/15:21:59,23.7,992.2999,1214.0,69.06241,31.66667
2022-01-29/15:22:00,23.7,992.2999,1214.0,66.43683,34.16667
2022-01-29/15:22:01,23.7,992.2999,1214.0,67.60828,34.16667
2022-01-29/15:22:02,23.7,992.2999,1214.0,69.02802,34.16667
2022-01-29/15:22:03,23.72,992.2999,1210.0,63.00741,33.33333
2022-01-29/15:22:04,23.72,992.2999,1210.0,77.29826,33.33333
2022-01-29/15:22:05,23.72,992.2999,1210.0,66.52924,33.33333
2022-01-29/15:22:06,23.72,992.2999,1210.0,67.23508,34.16667
2022-01-29/15:22:07,23.72,992.2999,1210.0,66.52924,34.16667
2022-01-29/15:22:08,23.72,992.2999,1210.0,64.80663,34.16667
2022-01-29/15:22:09,23.72,992.2999,1210.0,67.96609,32.5
2022-01-29/15:22:10,23.72,992.2999,1210.0,64.04577,34.16667
2022-01-29/15:22:11,23.72,992.2999,1210.0,64.86249,33.33333
2022-01-29/15:22:12,23.72,992.2999,1210.0,65.86076,34.16667
2022-01-29/15:22:13,23.72,992.2999,1210.0,64.918,34.16667
2022-01-29/15:22:14,23.72,992.2999,1210.0,65.91026,34.16667
2022-01-29/15:22:15,23.72,992.2999,1210.0,66.43683,34.16667
2022-01-29/15:22:16,23.72,992.2999,1210.0,65.50619,33.33333
2022-01-29/15:22:17,23.72,992.2999,1210.0,63.8603,33.33333
2022-01-29/15:22:18,23.73,992.4,1217.0,65.34968,33.33333
2022-01-29/15:22:19,23.73,992.4,1217.0,46.10545,32.5
2022-01-29/15:22:20,23.73,992.4,1217.0,65.71057,32.5
2022-01-29/15:22:21,23.73,992.4,1217.0,66.0084,32.5
2022-01-29/15:22:22,23.73,992.4,1217.0,67.5676,32.5
2022-01-29/15:22:23,23.73,992.4,1217.0,65.13652,32.5
2022-01-29/15:22:25,23.73,992.4,1217.0,67.76913,32.5
2022-01-29/15:22:26,23.73,992.4,1217.0,66.20142,32.5
2022-01-29/15:22:27,23.73,992.4,1217.0,66.05706,32.5
2022-01-29/15:22:28,23.73,992.4,1217.0,66.0084,31.66667
2022-01-29/15:22:29,23.73,992.4,1217.0,67.0206,31.66667
2022-01-29/15:22:30,23.73,992.4,1217.0,66.80069,31.66667
2022-01-29/15:22:31,23.73,992.4,1217.0,65.65992,30.83333
2022-01-29/15:22:32,23.73,992.4,1217.0,65.40216,30.83333
2022-01-29/15:22:33,23.73,992.4,1217.0,66.62067,30.0
2022-01-29/15:22:34,23.74,992.2999,1227.0,54.44196,30.0
2022-01-29/15:22:35,23.74,992.2999,1227.0,66.39026,30.0
2022-01-29/15:22:36,23.74,992.2999,1227.0,66.0084,29.16667
2022-01-29/15:22:37,23.74,992.2999,1227.0,67.0206,29.16667
2022-01-29/15:22:38,23.74,992.2999,1227.0,66.24902,29.16667
2022-01-29/15:22:39,23.74,992.2999,1227.0,68.23456,29.16667
2022-01-29/15:22:40,23.74,992.2999,1227.0,67.52672,30.0
2022-01-29/15:22:41,23.74,992.2999,1227.0,64.16725,30.0
2022-01-29/15:22:42,23.74,992.2999,1227.0,66.71114,29.16667
2022-01-29/15:22:43,23.74,992.2999,1227.0,68.88903,29.16667
2022-01-29/15:22:44,23.74,992.2999,1227.0,67.84845,29.16667
2022-01-29/15:22:45,23.74,992.2999,1227.0,66.20142,29.16667
2022-01-29/15:22:46,23.74,992.2999,1227.0,63.41148,29.16667
2022-01-29/15:22:47,23.74,992.2999,1227.0,65.55773,30.0
2022-01-29/15:22:48,23.75,992.2999,1237.0,67.68907,30.0
2022-01-29/15:22:49,23.75,992.2999,1237.0,81.19752,29.16667
2022-01-29/15:22:50,23.75,992.2999,1237.0,67.06392,29.16667
2022-01-29/15:22:51,23.75,992.2999,1237.0,67.14992,29.16667
2022-01-29/15:22:52,23.75,992.2999,1237.0,64.40523,29.16667
2022-01-29/15:22:53,23.75,992.2999,1237.0,66.20142,29.16667
2022-01-29/15:22:54,23.75,992.2999,1237.0,67.5676,29.16667
2022-01-29/15:22:55,23.75,992.2999,1237.0,64.16725,29.16667
2022-01-29/15:22:56,23.75,992.2999,1237.0,65.65992,30.0
2022-01-29/15:22:57,23.75,992.2999,1237.0,66.84513,29.16667
2022-01-29/15:22:58,23.75,992.2999,1237.0,67.7292,29.16667
2022-01-29/15:22:59,23.75,992.2999,1237.0,66.62067,29.16667
2022-01-29/15:23:00,23.75,992.2999,1237.0,65.29687,29.16667
2022-01-29/15:23:01,23.75,992.2999,1237.0,64.57954,30.0
2022-01-29/15:23:02,23.75,992.2999,1237.0,69.09668,30.83333
2022-01-29/15:23:03,23.75,992.2999,1248.0,69.46492,30.0
2022-01-29/15:23:04,23.75,992.2999,1248.0,21.0,30.0
2022-01-29/15:23:05,23.75,992.2999,1248.0,68.9588,30.0
2022-01-29/15:23:06,23.75,992.2999,1248.0,64.40523,30.0
2022-01-29/15:23:07,23.75,992.2999,1248.0,66.84513,30.0
2022-01-29/15:23:08,23.75,992.2999,1248.0,66.57507,30.0
2022-01-29/15:23:09,23.75,992.2999,1248.0,66.88933,30.0
2022-01-29/15:23:10,23.75,992.2999,1248.0,63.54209,30.0
2022-01-29/15:23:11,23.75,992.2999,1248.0,66.48315,29.16667
2022-01-29/15:23:12,23.75,992.2999,1248.0,65.81099,27.5
2022-01-29/15:23:14,23.75,992.2999,1248.0,68.99347,20.0
2022-01-29/15:23:15,23.75,992.2999,1248.0,69.46492,17.5
2022-01-29/15:23:16,23.75,992.2999,1248.0,66.66603,20.83333
2022-01-29/15:23:17,23.75,992.2999,1248.0,66.52924,23.33333
2022-01-29/15:23:18,23.75,992.2999,1248.0,66.48315,28.33333
2022-01-29/15:23:19,23.76,992.2999,1246.0,72.59567,28.33333
2022-01-29/15:23:20,23.76,992.2999,1246.0,67.64877,28.33333
2022-01-29/15:23:21,23.76,992.2999,1246.0,66.0084,27.5
2022-01-29/15:23:22,23.76,992.2999,1246.0,66.15357,28.33333